9 5
31 10
35 27
36 13
43 27
46 37
47 30
49 27
51 48
59 57
60 59
62 44
64 31
67 42
68 4
70 26
70 56
72 1
72 40
74 31
77 36
78 7
80 50
81 26
84 45
84 49
84 79
85 74
86 48
89 12
89 72
91 27
94 5
94 78
97 0
102 62
103 81
105 96
108 91
108 94
110 33
110 60
112 24
113 49
116 73
118 77
118 94
119 22
120 118
121 92
122 42
126 13
127 10
128 49
128 68
129 50
131 113
133 12
134 98
136 11
137 12
137 63
138 127
139 43
140 9
141 122
141 125
141 133
142 25
143 19
145 103
145 112
146 84
147 91
148 45
151 73
151 133
153 9
154 74
154 86
154 88
155 19
156 41
156 115
157 22
157 67
157 155
160 47
161 0
161 156
163 6
163 40
163 69
164 67
165 56
166 40
166 116
170 34
172 4
174 51
175 118
175 149
177 3
177 89
177 132
179 27
179 38
180 4
180 94
180 116
182 83
184 39
185 24
186 51
186 110
186 148
186 166
187 35
187 157
188 142
188 186
189 73
189 96
189 103
190 25
192 82
193 28
193 100
194 31
194 184
195 86
195 114
195 129
196 71
196 92
197 60
199 142
200 119
201 10
203 150
204 120
204 149
205 5
206 178
207 62
209 81
209 129
211 34
211 140
214 144
214 204
216 11
217 3
217 125
218 91
218 114
218 204
219 5
219 40
219 124
219 139
220 29
220 172
221 103
221 205
222 12
222 62
224 33
224 100
225 97
225 125
227 90
227 119
228 35
229 182
230 64
230 172
230 173
231 92
235 116
236 74
236 92
237 129
237 169
239 140
239 210
240 109
241 191
241 206
242 86
243 228
244 20
244 155
244 160
244 192
244 202
244 222
245 178
246 110
246 150
247 71
250 34
250 119
250 122
250 140
250 142
250 186
252 77
252 81
252 85
252 127
252 153
252 166
252 199
253 73
253 121
253 176
253 221
254 143
255 50
255 51
255 79
255 200
256 124
256 192
257 115
257 187
257 192
257 221
258 189
259 160
259 223
261 45
261 124
261 203
262 20
262 106
262 108
262 143
262 242
263 6
263 26
263 157
264 197
264 210
265 194
265 210
266 61
267 99
267 147
267 186
268 118
268 214
269 45
273 197
273 246
274 153
274 177
276 86
276 209
277 247
278 232
279 3
279 76
279 122
280 54
280 75
280 150
280 268
281 30
281 32
281 67
281 271
282 123
283 72
283 175
284 43
285 50
285 59
286 161
286 237
286 264
287 182
287 284
288 100
291 47
291 109
291 207
292 14
292 37
292 197
292 235
293 33
293 140
293 255
295 98
296 195
296 198
296 256
297 237
299 49
299 94
299 160
300 14
301 73
302 125
302 180
302 243
302 301
304 121
304 143
304 163
304 250
305 296
306 72
306 127
306 284
308 58
308 306
308 307
310 259
311 71
311 147
312 43
312 55
312 241
312 304
313 174
313 195
313 262
314 100
314 141
314 152
315 104
315 228
315 290
316 100
316 175
317 81
317 144
318 8
318 17
318 39
319 182
321 15
321 137
321 273
321 318
322 57
322 158
323 130
323 219
324 102
325 6
325 178
325 294
325 300
326 184
326 226
328 255
328 265
328 300
329 166
329 202
330 26
330 169
330 267
331 8
331 113
331 317
332 6
332 98
334 162
334 217
334 324
334 327
335 214
336 77
336 199
336 212
336 298
337 11
337 31
337 66
337 153
337 326
338 101
339 134
339 204
339 244
339 265
339 299
340 118
340 172
340 322
341 288
341 326
342 16
342 141
342 264
342 304
343 255
344 43
344 70
344 276
345 214
345 232
346 99
346 159
347 22
347 190
348 40
348 73
348 82
348 91
348 131
348 186
348 312
349 44
349 64
349 175
350 49
351 111
352 34
353 338
354 57
355 203
356 296
357 128
357 288
358 75
358 105
358 242
359 91
359 101
360 335
363 163
364 17
364 144
364 168
365 5
366 164
366 235
366 299
367 128
368 186
369 158
370 26
371 236
371 267
372 124
372 188
372 228
372 321
373 125
373 304
374 79
375 84
375 180
376 11
376 18
376 203
376 240
376 293
377 12
377 63
377 142
377 242
377 310
377 341
377 353
378 215
378 301
379 8
379 51
379 113
379 239
379 319
380 18
380 126
381 6
381 181
381 208
381 242
381 298
382 137
382 280
383 197
384 334
385 12
385 267
385 345
386 379
387 162
387 306
387 321
388 48
389 315
390 337
390 366
391 97
391 212
391 365
392 68
392 166
392 249
394 100
394 357
394 374
395 237
395 239
396 7
397 88
397 92
398 97
398 307
399 99
399 202
400 249
401 8
401 210
402 94
402 209
402 222
402 264
403 34
403 190
403 249
403 309
403 318
403 325
404 11
404 342
405 73
405 135
406 29
406 67
406 156
406 231
406 280
406 329
407 112
407 245
408 183
408 299
408 377
409 6
410 72
410 213
410 257
410 374
411 297
411 321
412 175
412 278
413 272
413 361
413 369
414 72
414 90
414 175
414 201
414 298
414 312
416 118
417 235
418 73
418 221
418 301
418 371
419 90
420 41
420 254
421 133
422 97
422 119
422 237
423 90
423 235
423 364
424 124
424 295
424 352
425 54
425 301
426 22
426 183
426 330
427 141
428 76
428 313
428 354
428 426
429 414
430 323
431 36
431 219
431 221
431 412
432 0
432 3
433 36
433 118
433 181
433 398
433 399
434 81
434 431
435 149
435 399
436 0
436 128
436 235
437 61
437 315
438 51
438 116
438 287
439 25
439 83
439 312
439 417
440 288
441 187
441 206
442 46
442 79
442 83
442 90
442 105
443 167
443 192
443 302
444 36
444 85
445 46
445 233
445 342
446 63
446 87
446 104
446 158
446 164
446 206
447 40
447 218
447 427
448 52
448 121
448 437
449 227
449 292
450 31
450 288
450 298
451 53
451 124
451 346
452 11
452 426
453 429
454 39
454 451
455 48
455 92
455 267
456 195
456 330
457 43
457 83
457 223
457 224
459 11
459 59
459 80
459 168
459 249
459 269
459 298
460 434
461 94
461 270
461 446
462 71
462 133
462 417
462 445
463 454
464 104
464 124
464 199
465 28
465 145
465 367
466 44
466 318
467 162
467 230
468 213
468 394
468 414
468 458
469 54
469 84
469 392
470 149
470 214
471 8
471 80
471 315
471 454
472 1
472 68
472 292
472 377
473 43
473 187
474 78
474 436
474 447
475 104
475 214
475 243
475 466
476 224
476 309
476 311
476 396
477 149
477 236
477 337
477 436
478 146
478 162
478 278
478 304
479 54
479 188
479 315
479 362
480 287
480 424
481 119
481 417
482 96
482 192
482 481
483 269
483 291
483 338
483 395
485 43
485 96
485 367
485 411
486 163
486 213
486 227
486 249
486 341
486 377
486 454
487 27
487 451
488 109
489 242
490 430
492 90
492 205
492 279
492 347
493 16
493 220
493 270
493 388
495 9
495 158
496 21
496 245
498 92
499 174
499 371
499 387
500 94
500 425
501 30
501 327
502 124
502 287
503 59
503 164
503 205
503 290
503 493
504 113
504 249
504 483
504 496
505 56
505 200
505 279
505 392
505 426
506 304
506 371
507 40
507 259
507 288
507 462
508 13
508 322
509 298
509 405
510 105
510 182
510 303
510 325
510 439
511 43
511 179
511 374
511 445
511 450
511 459
512 488
513 189
513 230
513 242
513 481
514 219
514 331
514 356
514 373
514 492
515 42
515 70
515 85
515 102
515 384
516 91
516 318
516 380
516 416
518 184
518 237
518 254
518 346
518 427
518 515
519 302
519 474
520 210
521 79
521 80
521 405
522 204
522 223
522 488
523 16
523 188
523 233
523 515
525 471
526 27
526 430
527 170
527 321
527 492
528 102
528 208
528 344
528 351
528 396
529 25
529 218
529 259
529 286
530 61
530 116
530 510
531 387
531 412
531 466
532 473
532 498
533 328
533 396
533 414
535 97
535 231
535 281
535 375
536 121
536 168
536 237
537 300
537 335
537 403
537 419
537 510
538 73
538 256
539 105
539 274
539 466
540 61
540 88
540 157
540 303
540 395
541 352
541 432
542 11
542 163
542 386
542 398
542 429
543 77
543 146
543 408
544 109
544 132
544 329
545 131
546 232
546 387
547 69
547 151
548 19
548 211
548 298
548 456
549 405
550 521
551 224
551 493
551 496
552 60
552 61
552 148
552 366
553 400
553 430
554 354
554 475
555 58
555 179
555 275
555 396
556 63
556 121
556 298
556 360
556 530
556 541
557 51
557 191
557 294
557 398
558 52
558 355
559 139
559 266
559 416
559 494
560 64
560 174
560 374
560 426
561 120
561 288
561 367
562 38
562 269
562 508
563 125
563 506
563 547
564 35
564 127
564 536
565 209
565 407
565 486
566 172
566 301
567 125
567 447
568 22
568 490
569 552
570 35
570 178
571 136
571 186
572 59
572 141
572 236
572 282
572 305
572 313
572 408
572 533
573 126
573 494
575 287
575 306
575 490
575 554
576 112
576 142
576 166
576 462
576 489
577 14
577 206
577 502
577 532
577 562
577 565
578 11
578 413
578 530
579 191
579 463
580 549
581 256
581 435
582 149
582 168
582 184
582 285
582 552
582 577
583 48
583 319
583 383
583 530
584 64
584 179
585 144
585 276
585 505
586 140
586 249
586 510
587 203
587 238
587 263
587 315
588 14
588 354
588 416
589 315
589 505
589 560
590 2
590 363
590 548
591 33
591 59
591 78
591 309
591 328
592 283
592 457
593 226
593 303
593 308
593 318
593 567
594 11
594 237
594 414
594 510
594 541
595 455
596 524
597 194
597 452
598 276
598 328
598 495
599 167
599 290
599 394
599 561
600 246
600 401
600 422
600 506
601 266
601 276
601 469
601 473
601 478
601 483
601 536
602 93
602 257
602 412
602 457
603 156
603 216
603 220
603 501
603 541
603 557
604 121
604 276
604 438
604 440
604 572
605 34
605 49
605 103
605 287
605 341
606 32
606 124
606 147
606 191
606 332
606 444
606 495
606 538
607 0
607 279
607 311
607 363
607 530
608 19
608 46
609 152
609 342
609 391
609 448
609 548
610 45
610 263
610 264
610 430
610 567
611 50
611 242
611 397
612 13
612 250
612 527
612 578
613 30
613 46
613 130
613 293
613 308
614 45
614 157
614 357
614 510
614 555
615 7
615 208
615 574
616 117
616 337
616 482
617 52
617 290
617 332
617 417
617 446
618 189
618 237
618 549
619 14
619 99
619 170
619 373
620 198
620 524
622 484
623 18
623 39
623 56
623 211
623 225
623 256
623 303
623 493
624 331
624 458
624 569
625 292
626 56
626 379
626 599
627 117
627 299
627 421
627 582
628 446
629 0
629 15
629 288
629 361
630 95
630 440
630 529
631 99
631 115
631 140
631 329
631 578
632 74
632 430
633 85
633 346
634 443
635 55
635 214
635 556
636 140
636 265
636 433
637 475
637 553
638 184
638 189
638 205
638 368
638 408
638 410
639 44
639 540
640 27
640 84
640 111
640 201
640 317
640 356
640 442
640 607
643 51
643 144
643 171
643 561
644 205
645 205
645 515
646 4
647 211
647 216
647 246
647 622
648 508
648 593
649 4
649 585
650 89
650 142
650 166
650 278
651 44
651 164
651 347
651 367
651 390
651 393
651 495
651 581
652 113
652 421
652 533
652 627
653 304
653 363
653 428
653 477
653 536
653 549
654 132
654 168
654 580
655 313
655 320
655 538
655 647
656 568
657 33
657 288
657 434
658 19
658 105
658 116
658 559
658 569
658 580
658 589
659 7
659 409
659 488
660 284
660 460
660 551
661 211
661 276
661 487
662 151
662 445
662 508
662 528
662 634
663 60
663 250
663 395
663 493
663 627
663 643
663 652
664 82
664 341
665 60
665 156
666 79
666 161
666 439
666 546
667 97
667 162
667 164
667 282
667 600
668 3
668 229
668 539
668 662
669 60
669 156
669 208
669 216
669 461
670 158
670 576
671 111
671 180
671 241
671 331
671 527
671 640
672 223
672 415
672 568
673 23
673 38
673 118
673 146
673 249
673 304
673 414
673 438
673 467
673 630
674 63
674 503
674 553
675 606
675 607
676 146
676 186
676 239
676 607
677 75
677 300
677 305
677 535
678 268
679 645
680 342
680 368
680 630
681 0
681 454
681 465
681 496
681 518
681 608
681 663
682 423
682 498
683 269
683 461
683 481
683 508
683 547
684 11
684 106
684 281
685 178
685 194
685 554
686 370
686 471
686 494
686 609
687 47
687 357
687 543
687 618
688 509
689 57
689 77
689 434
690 191
690 318
690 366
690 433
690 445
690 599
690 623
690 628
690 653
691 345
691 526
691 553
691 578
692 343
692 443
692 640
693 66
693 178
693 234
693 272
693 534
693 657
693 681
694 33
694 36
694 430
695 6
695 131
695 276
695 420
696 172
696 247
696 284
696 452
696 507
696 607
697 186
697 234
697 389
697 587
698 2
698 209
698 340
698 444
698 460
699 131
699 451
699 535
699 657
700 292
700 534
700 617
700 689
701 55
701 100
701 137
701 331
702 102
702 120
702 266
702 598
703 211
703 431
704 33
704 627
705 100
705 248
705 357
705 420
706 136
706 203
706 222
706 338
706 457
707 495
707 507
707 517
707 566
707 607
708 57
708 62
708 228
708 429
708 455
708 465
708 477
708 511
708 622
708 683
709 380
709 386
709 585
709 619
709 643
710 42
710 79
710 246
710 272
710 601
711 24
711 383
711 421
711 434
711 565
712 44
712 121
712 327
712 534
712 688
713 368
713 446
714 169
714 373
714 501
715 181
715 260
715 514
715 635
716 183
716 463
716 537
716 585
717 81
717 92
717 186
717 323
718 55
718 63
718 216
718 281
718 421
718 438
718 648
718 649
719 185
719 260
719 332
719 390
719 509
719 589
720 65
720 209
720 466
720 476
720 478
721 165
721 288
721 329
721 424
721 434
721 535
721 599
722 410
723 54
723 342
723 440
723 575
724 11
724 299
724 538
725 7
725 126
725 192
726 22
726 93
726 103
726 235
726 435
726 576
726 669
727 23
727 725
729 270
729 300
729 326
729 345
729 607
729 623
729 697
730 98
730 233
730 278
730 284
730 595
731 152
731 549
731 621
732 12
732 129
732 162
732 289
732 534
733 148
734 47
734 265
734 466
734 478
735 184
736 61
736 157
737 8
737 41
737 55
737 251
737 391
738 410
738 487
738 585
739 321
739 407
739 408
739 686
739 706
740 291
740 558
741 508
741 639
742 505
742 557
742 615
742 647
742 691
743 160
743 248
743 262
743 524
744 151
744 179
744 342
744 479
745 100
745 298
745 508
745 661
746 45
746 204
746 365
746 639
746 708
746 727
747 66
747 278
747 366
747 607
748 316
748 402
749 37
749 99
749 261
749 565
750 223
750 240
750 368
750 390
750 453
750 466
750 669
751 90
751 154
751 193
751 256
751 314
751 340
752 36
752 42
752 44
752 318
752 515
752 583
753 169
753 173
753 380
753 405
753 519
753 723
754 333
754 387
754 512
754 730
755 198
755 588
755 676
755 710
756 112
756 190
756 650
756 679
757 23
757 57
757 320
758 128
758 162
758 294
758 361
758 371
758 503
758 542
758 608
758 705
759 75
759 205
759 285
759 649
760 381
760 402
760 442
760 458
761 41
761 278
761 487
761 504
761 738
762 124
762 144
763 313
763 416
763 493
763 582
763 614
764 103
764 261
764 267
765 252
766 537
767 158
767 213
767 226
767 314
767 335
767 482
768 88
768 441
768 508
768 535
768 645
769 62
769 114
769 174
769 222
769 422
769 510
769 639
770 449
770 602
770 744
771 54
771 94
771 373
771 517
772 408
772 737
773 4
773 67
773 107
773 130
773 202
773 614
773 621
773 678
774 61
774 211
774 276
774 487
774 517
774 533
774 627
774 633
775 77
775 106
775 112
775 165
775 526
775 565
775 656
776 64
776 417
776 433
776 500
777 65
777 168
777 394
777 454
777 654
778 61
778 295
778 523
778 598
778 720
778 762
779 635
780 333
780 522
780 542
780 550
780 615
781 119
782 277
782 658
783 40
783 100
783 189
783 314
783 563
783 775
784 124
784 306
784 321
784 580
784 706
785 61
785 269
785 355
785 709
785 774
785 775
786 209
786 441
786 450
786 474
786 584
786 709
787 90
787 334
787 379
787 664
788 70
788 285
788 337
788 416
788 582
788 589
788 737
789 106
789 382
790 267
790 380
790 382
790 523
790 579
790 751
791 184
791 271
791 385
791 481
791 563
791 576
791 653
793 504
793 531
793 545
793 581
793 590
794 41
794 165
794 170
794 383
794 450
794 580
794 648
794 656
794 739
795 105
795 284
795 314
795 529
795 710
795 774
796 187
796 395
796 448
796 458
796 489
796 566
797 5
797 68
797 108
797 270
797 610
797 613
797 639
797 675
798 15
798 643
798 648
799 85
799 223
799 309
799 330
799 401
800 53
800 532
801 105
801 106
801 198
801 774
802 239
802 261
802 276
802 531
802 576
802 577
802 604
802 613
802 652
803 38
803 52
804 229
804 344
804 488
804 693
805 83
805 338
805 388
805 550
805 686
806 479
807 202
807 247
807 257
807 287
807 527
807 551
807 805
808 118
808 240
808 338
808 584
808 644
809 6
809 31
809 243
809 257
809 409
809 769
810 232
810 280
810 283
810 323
810 452
810 560
810 617
810 700
811 104
811 293
811 454
812 95
812 116
812 221
812 322
812 328
812 567
812 620
812 623
812 701
812 792
813 120
813 152
813 242
813 619
813 773
814 41
814 58
814 166
814 240
814 461
815 130
815 146
815 606
815 773
815 808
816 188
816 301
816 414
816 521
817 117
817 286
817 511
817 698
818 15
818 167
818 248
818 489
819 258
819 372
819 619
819 636
820 323
820 329
820 354
820 375
820 783
821 14
821 383
821 407
821 496
821 505
821 560
822 110
822 232
822 571
822 587
822 678
823 32
823 100
823 360
823 405
823 487
823 626
823 800
824 150
824 168
824 434
824 446
824 571
824 574
824 653
824 712
825 175
825 177
825 540
825 738
825 765
825 815
826 310
826 317
826 406
826 434
827 108
827 202
827 408
827 419
827 500
827 649
827 773
828 287
828 395
828 419
828 653
828 796
829 19
829 386
829 564
829 690
830 271
830 483
830 657
831 26
831 177
831 248
831 674
832 52
832 220
832 308
832 640
832 776
833 230
833 236
833 393
833 429
833 576
833 728
834 105
834 137
834 215
834 298
834 517
835 427
835 463
835 481
836 168
836 219
836 234
836 299
836 378
836 438
836 632
836 703
836 710
836 722
836 729
837 47
837 59
837 157
837 376
837 623
837 739
837 826
838 32
838 69
838 248
838 493
838 555
838 815
839 148
839 190
839 271
839 494
839 704
840 166
840 199
840 225
840 332
840 363
840 407
840 547
841 144
841 314
841 579
841 599
841 709
842 151
842 335
842 712
842 766
842 839
843 175
843 314
843 386
844 66
844 84
844 278
844 426
844 584
844 765
845 78
845 228
845 270
845 271
845 308
845 330
845 382
845 520
845 528
845 585
845 783
845 791
846 97
846 186
846 577
847 325
847 390
847 505
847 636
847 641
847 773
847 790
848 39
848 149
848 580
848 604
848 666
849 92
849 366
849 489
849 515
850 456
850 517
850 651
851 28
851 289
851 784
851 829
852 140
852 501
852 700
852 768
853 248
853 333
853 344
853 410
853 423
853 694
853 758
853 765
853 829
854 2
854 367
854 416
854 789
855 171
855 630
856 60
856 488
856 661
856 804
857 611
857 786
858 36
858 411
859 31
859 304
859 316
859 419
859 573
859 765
859 784
860 417
861 292
861 333
861 387
861 623
861 675
861 756
861 763
862 141
862 233
862 474
862 673
862 738
863 286
863 493
863 510
864 570
864 688
864 821
865 290
865 395
865 582
865 609
865 619
865 848
866 42
866 219
866 291
866 506
866 681
866 823
867 14
867 127
867 150
867 563
867 652
867 744
867 779
867 827
868 788
868 845
869 7
869 82
869 130
869 195
869 449
869 478
869 509
869 510
869 579
870 26
870 32
870 134
870 164
870 407
870 427
870 507
870 579
870 584
870 631
870 840
871 472
871 479
872 19
872 223
872 337
872 445
872 827
873 69
873 256
873 266
873 627
873 690
874 256
874 363
874 569
875 125
875 220
875 264
875 713
876 767
876 807
876 867
876 874
877 3
877 129
877 291
877 359
877 612
877 714
878 392
878 465
878 692
878 783
879 52
879 121
879 351
879 432
879 446
879 513
879 629
879 738
880 225
880 251
880 399
880 456
880 555
880 878
881 91
881 662
881 877
882 90
882 436
882 651
882 659
883 193
883 357
883 384
883 410
883 566
883 638
883 679
883 772
883 828
884 140
884 215
884 227
884 756
885 450
885 463
885 706
886 65
886 441
886 528
887 176
887 315
887 884
888 2
888 48
888 130
888 370
888 476
888 662
888 680
889 11
889 210
889 493
889 542
889 793
890 183
890 306
890 313
890 576
890 812
890 847
891 175
891 887
892 540
892 810
893 43
893 160
893 386
894 486
894 582
894 630
894 815
894 842
895 147
895 194
895 285
895 542
895 575
895 601
896 175
896 252
896 473
896 769
896 817
896 843
897 128
897 366
897 380
897 522
897 688
897 813
897 832
897 855
898 4
898 271
898 552
898 569
898 632
899 48
899 241
899 498
899 727
899 840
900 197
900 203
900 415
900 551
900 575
900 600
900 642
901 160
901 200
901 343
901 655
901 738
901 884
902 366
902 525
902 621
903 155
903 257
903 417
903 425
903 494
903 522
904 94
904 181
904 474
904 521
904 600
904 659
904 676
904 768
904 784
904 793
904 869
904 889
905 490
905 606
905 831
906 61
906 151
906 205
906 326
906 417
907 399
907 640
907 737
907 822
908 48
908 169
908 339
908 358
908 575
908 818
908 881
909 422
909 441
909 546
909 547
909 562
909 635
909 686
909 859
910 90
910 93
910 159
910 238
910 271
910 297
910 539
910 568
910 571
910 713
911 47
911 127
911 177
911 257
911 478
911 669
911 756
912 65
912 175
912 233
912 308
912 433
912 797
913 36
913 208
913 220
913 280
913 496
913 795
914 96
914 132
914 599
914 606
914 691
914 707
914 789
914 861
915 174
915 317
915 434
915 787
915 868
915 897
916 20
916 115
916 419
916 684
916 811
916 819
916 914
917 23
917 139
917 578
917 644
918 82
918 141
918 613
918 727
919 64
919 150
919 244
919 325
919 388
919 494
919 583
919 596
919 628
919 702
919 728
919 902
920 10
920 178
920 303
920 487
920 502
920 676
920 750
920 904
921 413
921 493
921 631
921 725
921 818
921 875
922 313
922 333
922 557
923 334
923 582
924 227
924 259
924 491
924 541
925 422
925 510
925 514
925 855
926 188
926 604
926 627
927 10
927 25
927 189
927 297
927 416
927 481
927 658
927 698
927 818
927 841
928 63
928 151
928 358
928 359
928 544
928 707
929 179
929 354
929 392
929 482
929 752
930 92
930 331
930 590
930 605
930 703
930 720
930 875
931 90
931 102
931 244
931 484
931 684
931 756
931 778
932 69
932 149
932 209
932 370
932 647
932 713
932 905
933 81
933 464
933 588
933 628
933 630
934 267
934 290
934 558
934 683
934 743
934 798
934 806
934 816
935 255
935 266
935 510
935 514
935 526
935 799
935 804
935 858
936 100
936 128
936 135
936 514
936 558
936 880
937 64
937 331
937 479
937 554
937 642
938 791
938 808
938 931
939 21
939 146
939 344
939 406
939 924
940 108
940 142
940 496
940 696
941 358
941 475
941 642
941 688
942 384
942 845
943 167
943 173
943 461
943 509
943 547
943 911
943 929
944 594
944 666
944 934
945 160
945 449
945 527
945 629
945 855
946 224
946 533
946 678
947 51
947 222
947 397
947 441
947 443
947 497
947 594
947 787
947 833
948 133
948 697
948 716
948 888
949 127
949 310
949 376
949 601
949 753
950 2
950 502
950 540
950 876
950 908
951 115
951 310
951 365
951 370
951 388
951 389
951 602
951 634
951 719
951 856
952 254
952 275
952 548
952 687
952 860
953 208
953 372
953 382
953 415
953 423
953 575
953 629
953 767
953 801
953 818
954 44
954 130
954 210
954 404
954 524
954 542
954 634
954 782
955 197
955 310
955 366
955 764
955 903
956 89
956 129
956 155
956 237
956 281
956 306
956 376
956 480
956 533
956 698
956 913
957 198
957 206
957 533
957 788
957 831
958 136
958 157
958 259
958 353
958 499
958 595
958 644
958 693
958 742
959 1
959 51
959 211
959 315
959 376
959 458
960 152
960 169
960 300
960 391
960 433
960 723
960 865
960 921
961 384
961 517
961 707
961 783
961 807
961 942
962 9
962 303
962 479
962 572
962 649
962 710
963 237
963 286
963 352
963 395
963 407
963 526
963 643
964 66
964 306
964 486
964 907
964 944
965 126
965 213
965 344
965 510
965 562
965 739
965 919
965 925
966 194
966 210
966 233
966 732
966 762
967 255
967 501
967 547
967 679
967 820
967 907
968 219
968 259
968 464
968 496
968 564
968 619
968 674
968 758
968 790
968 856
969 168
969 295
969 331
969 445
970 454
970 819
970 835
970 854
971 227
971 242
971 313
971 680
971 805
971 845
972 25
972 173
972 289
972 295
972 342
972 654
973 100
973 403
973 456
973 460
973 508
973 596
973 665
974 309
974 339
974 380
974 393
974 399
975 183
975 759
976 130
976 236
976 305
976 362
976 716
976 743
976 972
977 89
977 134
977 406
977 412
977 678
977 885
978 8
978 467
978 524
978 935
979 131
979 156
979 252
979 531
979 606
979 659
979 743
979 809
980 200
980 230
980 333
980 543
980 580
980 726
980 854
980 925
980 938
981 240
981 348
981 412
981 742
982 68
982 106
982 315
982 370
982 493
982 713
982 795
983 3
983 76
983 128
983 301
984 85
984 102
984 269
984 811
984 908
984 961
985 111
985 408
985 426
985 584
985 597
985 844
986 108
986 147
986 155
986 158
986 377
986 453
986 508
986 529
986 821
987 23
987 84
987 269
987 349
987 430
987 719
988 357
988 506
988 734
988 829
988 846
988 923
989 334
989 651
989 897
990 162
990 210
990 222
990 756
990 805
991 334
991 385
991 953
992 2
992 9
992 161
992 939
992 984
992 991
993 106
993 567
993 630
994 51
994 162
994 184
994 261
994 445
994 518
994 547
995 599
995 646
995 703
995 839
995 862
995 892
995 895
996 2
996 37
996 326
996 764
996 795
997 112
997 698
997 914
997 942
998 149
998 152
998 203
998 332
998 343
998 453
998 707
998 808
999 84
999 129
999 668
999 933
