11 1
29 27
33 29
37 19
39 8
39 14
48 6
49 44
52 2
52 19
60 8
60 43
63 3
64 0
67 29
68 12
74 8
77 20
77 73
80 7
83 24
86 75
86 78
90 76
92 39
94 68
97 0
97 53
99 95
105 37
105 58
108 71
111 80
114 100
115 10
116 98
117 53
119 75
121 10
122 16
123 45
124 57
125 83
125 122
126 117
127 39
129 106
130 30
130 85
136 72
137 8
137 52
139 11
139 78
141 32
141 59
142 95
143 51
145 116
145 136
147 54
147 141
150 100
151 67
151 73
156 124
157 113
159 144
161 78
161 94
161 143
162 109
165 5
165 86
169 1
169 74
169 114
172 32
174 17
174 167
175 98
175 104
176 10
179 26
181 2
183 140
186 167
187 35
187 70
187 109
187 181
188 152
189 86
190 93
190 111
191 136
191 153
191 169
192 24
193 76
193 107
194 0
195 162
197 52
197 162
198 181
199 31
200 94
201 94
201 146
202 49
203 6
203 132
204 85
204 163
204 195
205 20
205 170
206 178
208 206
209 96
209 106
209 185
210 47
210 191
211 1
211 44
211 194
213 56
213 75
213 88
214 98
214 161
215 109
215 153
215 162
216 93
216 107
217 16
218 62
218 187
219 216
220 66
220 176
221 67
221 68
222 84
222 124
223 129
225 65
226 172
227 58
227 131
227 172
228 144
229 5
230 50
230 83
230 93
230 113
230 213
231 138
231 194
231 226
233 52
233 105
234 30
236 78
236 139
238 101
238 145
238 147
238 167
239 10
239 110
239 207
240 6
240 63
241 107
241 132
241 218
243 116
244 31
245 1
245 4
245 78
245 102
247 116
248 17
248 111
248 197
249 76
249 185
249 244
251 5
251 114
252 53
254 193
255 185
256 105
256 155
257 82
257 190
258 59
260 133
261 224
261 235
262 129
263 32
263 74
264 167
265 40
265 97
266 113
266 208
267 180
268 179
269 94
269 255
270 57
271 84
272 141
273 17
275 15
275 101
276 192
276 227
276 249
277 181
277 194
278 16
280 78
281 88
281 206
282 95
282 98
282 107
282 174
282 279
284 122
285 26
285 73
285 107
286 123
286 227
286 237
288 187
289 101
291 149
291 176
292 131
292 277
293 71
293 149
293 157
294 94
294 165
294 282
296 255
297 137
297 287
298 104
298 253
299 82
299 230
300 105
300 110
301 22
301 61
301 147
301 217
301 287
302 284
302 286
303 83
303 169
303 270
304 226
304 242
304 260
305 303
306 12
306 287
307 302
307 303
308 5
308 269
308 288
309 10
309 280
310 138
310 178
311 75
311 266
313 95
313 178
314 17
315 254
316 27
316 60
316 118
316 130
316 171
317 76
317 81
317 157
318 56
318 134
319 195
319 223
321 244
323 217
324 70
324 76
324 155
325 230
325 285
326 47
326 55
326 64
326 182
326 299
327 144
327 193
328 14
328 49
328 288
328 297
328 316
329 69
329 74
329 149
329 169
329 264
330 132
331 202
331 210
332 17
332 109
332 118
332 178
333 63
335 0
337 51
337 280
338 264
338 273
339 117
339 265
340 76
340 117
340 150
340 205
342 153
342 319
343 52
343 90
343 139
343 280
344 211
344 301
345 306
347 76
347 129
348 25
348 188
349 51
349 53
349 63
349 101
350 200
350 225
351 101
352 81
352 146
353 105
353 306
354 54
354 106
354 279
354 308
355 105
355 179
355 347
356 0
356 21
356 100
356 282
356 341
357 204
357 246
358 138
358 346
359 13
359 44
359 94
359 207
360 279
361 76
361 280
361 292
362 94
362 107
362 178
362 295
363 8
363 70
363 76
363 129
363 145
364 80
365 59
365 147
365 159
365 293
365 319
367 185
367 298
368 93
369 137
370 58
370 112
370 315
371 89
371 231
372 163
372 281
372 367
373 44
373 137
373 185
373 215
374 269
375 261
375 310
376 69
376 238
376 261
377 78
377 99
377 135
377 238
378 68
378 91
379 122
379 367
382 88
382 352
382 356
383 5
383 144
383 150
383 161
383 362
384 29
384 265
385 27
385 157
386 190
387 314
388 18
388 196
388 317
389 195
389 198
389 278
389 284
390 80
390 100
390 113
390 121
390 198
391 183
392 1
392 101
392 186
392 348
393 88
393 177
394 10
394 149
394 221
394 223
395 325
395 333
396 389
397 22
397 343
398 92
399 13
399 52
399 110
400 67
400 309
401 64
401 379
401 384
403 186
404 323
405 64
405 243
406 118
406 190
406 210
406 250
407 69
407 313
408 353
409 177
409 308
409 375
410 10
411 260
412 257
413 115
413 247
414 48
414 61
414 104
414 113
414 149
414 167
414 320
416 16
416 104
416 184
416 366
417 378
418 3
418 36
419 127
419 167
419 171
420 282
422 172
422 213
423 10
423 59
423 413
424 239
424 385
425 15
425 83
426 85
426 115
426 344
427 115
427 127
427 386
428 10
428 38
429 75
430 15
430 184
432 204
432 213
432 316
432 344
432 368
433 334
434 37
434 118
434 375
434 431
435 311
436 211
436 387
437 3
438 33
438 40
438 99
438 241
438 364
438 375
439 17
439 97
439 160
439 280
440 53
440 67
440 398
441 71
441 121
441 252
442 142
443 227
443 240
443 333
444 6
444 45
444 224
444 277
444 371
446 26
447 193
447 422
448 98
448 392
448 393
448 410
449 236
449 271
450 336
451 174
451 366
451 369
452 340
452 384
452 406
453 166
454 168
454 377
454 379
455 67
455 225
455 259
456 43
456 418
457 9
457 33
457 57
457 331
458 240
458 350
459 21
459 91
459 242
459 258
459 275
459 325
459 339
459 371
460 33
460 387
461 22
461 381
461 421
463 0
463 57
463 102
463 229
464 324
464 352
465 29
465 324
465 326
465 362
466 42
466 356
467 105
467 190
468 240
468 319
468 346
469 125
469 154
469 383
470 261
470 355
470 363
471 248
472 290
473 18
473 46
473 405
474 6
474 25
474 61
474 230
474 312
474 341
474 390
474 399
475 285
475 301
475 328
475 429
475 450
476 459
477 78
477 138
478 108
478 427
479 139
480 254
480 259
481 345
482 311
482 384
483 185
483 364
484 227
484 404
485 89
485 352
486 28
486 308
487 2
487 156
487 187
487 240
487 361
487 438
488 69
488 167
488 403
488 430
488 453
489 9
489 130
489 303
489 397
491 259
491 341
491 434
492 78
492 208
492 351
492 485
493 160
493 254
494 26
494 111
494 119
494 306
495 215
495 216
495 318
496 24
496 101
496 168
496 326
497 114
497 152
497 335
497 358
497 374
498 46
498 170
498 226
498 366
498 459
498 461
499 43
499 54
499 421
500 141
500 209
500 358
500 418
500 424
501 32
501 303
501 398
502 108
502 142
502 179
502 216
502 366
502 401
503 17
503 21
504 301
505 15
505 290
505 410
505 423
505 437
506 190
506 392
506 410
507 226
507 500
508 0
508 201
508 406
508 456
508 469
509 238
509 319
509 320
509 373
509 483
510 12
510 324
510 502
510 508
511 7
511 48
511 56
511 232
511 383
511 419
512 66
512 135
512 259
512 357
512 410
513 415
513 470
514 262
514 452
515 24
515 289
515 339
515 411
516 232
516 328
516 383
516 474
517 42
517 119
518 318
519 280
519 355
519 497
520 30
520 61
520 362
520 375
521 53
521 430
521 491
521 507
522 354
522 441
523 366
525 21
525 222
525 436
526 13
526 316
527 34
527 103
528 39
529 259
529 301
529 386
529 399
530 118
530 220
530 285
530 479
530 517
531 78
531 249
531 423
532 103
532 140
532 261
532 322
532 437
533 229
533 253
533 428
534 159
534 172
534 234
534 241
535 67
535 85
535 362
535 529
536 226
536 302
536 378
536 414
537 150
537 235
537 384
537 424
538 65
538 218
538 338
538 446
539 14
539 112
539 148
539 211
539 212
539 389
539 432
539 472
540 160
540 162
540 304
540 308
540 329
541 175
541 203
541 359
542 64
542 153
543 325
543 413
543 532
544 17
544 347
546 90
546 100
546 336
546 483
547 81
547 135
547 282
547 326
547 433
548 277
548 305
548 327
548 395
549 156
549 162
549 306
549 379
549 417
549 530
550 33
550 82
550 175
550 315
550 481
551 61
551 98
551 211
551 320
551 323
553 178
553 479
554 309
554 320
554 412
555 127
555 199
555 315
555 503
556 275
556 347
557 208
557 384
558 171
558 278
558 361
558 390
558 464
559 12
559 22
559 205
559 237
559 407
559 452
560 38
560 164
560 200
560 282
561 61
561 475
561 487
562 342
563 192
563 236
563 298
563 381
564 31
564 84
564 394
564 397
565 1
565 34
565 85
565 548
565 560
566 381
566 412
566 522
567 77
567 424
567 498
567 512
567 532
568 53
568 209
568 252
568 327
569 233
569 526
569 542
569 547
570 330
571 68
571 73
571 457
572 8
572 204
572 227
572 447
573 26
573 164
573 459
573 530
574 17
574 233
574 489
576 16
576 107
576 157
576 300
576 466
576 512
577 336
577 430
577 507
578 248
578 461
579 55
579 187
579 193
579 474
579 510
580 294
580 338
581 420
581 448
582 354
582 435
583 146
583 163
583 371
584 146
584 154
584 161
584 291
584 354
584 467
584 521
585 14
585 118
585 390
585 408
585 485
585 534
586 147
586 171
586 480
586 538
587 30
587 194
587 561
588 69
588 475
588 517
589 23
589 132
590 83
590 270
590 318
591 58
591 97
592 208
592 315
593 320
593 397
594 318
594 403
595 147
595 198
595 266
595 371
595 480
595 515
596 323
596 374
596 572
596 580
597 25
597 64
597 95
597 373
597 463
597 489
597 538
597 565
598 37
598 41
598 238
600 93
600 407
600 436
600 503
600 557
600 576
601 299
601 409
601 449
602 49
602 55
602 140
602 217
602 290
602 501
602 512
603 14
603 161
603 190
603 210
603 370
603 387
603 580
604 200
604 237
604 573
605 521
605 530
606 405
607 161
607 450
607 485
607 564
608 15
608 236
608 321
608 551
609 224
609 371
610 230
610 525
611 18
611 50
611 63
611 265
611 280
611 355
611 456
611 581
612 212
612 329
612 333
612 384
612 507
612 572
613 52
613 56
613 158
613 163
613 402
615 142
615 389
615 505
615 541
615 580
616 3
616 301
616 525
617 306
617 584
618 597
619 218
620 351
620 352
621 209
621 246
621 513
621 584
622 347
622 371
622 480
622 560
623 207
623 344
624 119
624 163
624 340
624 546
625 186
625 189
625 234
626 9
626 72
626 136
626 204
626 271
626 454
628 37
628 142
628 194
628 305
628 312
628 497
628 582
629 520
629 567
630 134
630 263
631 5
631 8
632 70
632 433
632 489
632 567
633 573
634 96
634 328
635 63
635 155
635 545
635 625
636 424
636 547
637 60
637 85
637 121
637 248
637 313
637 428
637 448
637 451
637 493
638 74
638 166
638 374
638 418
638 443
638 632
639 142
639 459
640 476
640 559
641 230
641 259
641 366
641 390
641 619
642 12
642 114
642 323
642 347
642 394
642 433
642 569
643 1
643 216
643 274
643 380
643 451
643 577
644 43
644 98
644 233
644 357
644 373
644 383
644 535
644 597
645 19
645 96
645 260
645 368
645 395
645 510
645 526
646 225
646 230
646 256
647 35
647 168
647 208
647 274
647 371
647 455
647 468
647 494
647 539
648 227
648 256
648 392
648 599
649 168
649 255
649 259
649 329
649 339
649 412
649 630
650 87
650 426
650 431
650 458
650 529
650 644
651 313
651 504
651 531
651 640
652 3
652 12
652 137
652 202
652 375
653 5
653 242
653 487
653 595
654 102
654 264
654 380
654 519
654 521
654 592
655 7
655 183
655 436
655 474
655 538
655 642
656 120
656 121
656 357
656 361
656 433
656 550
657 134
657 265
657 267
657 315
657 340
657 544
658 371
659 37
659 67
659 428
659 502
660 34
660 414
661 96
661 106
661 202
661 574
661 644
662 73
662 329
662 409
662 505
662 562
662 638
662 648
663 87
663 393
663 484
663 525
663 629
664 56
664 145
664 185
664 262
664 330
665 284
665 467
665 513
665 519
666 192
666 225
666 592
667 64
667 363
668 144
668 204
668 400
668 403
668 614
669 77
669 215
669 233
670 52
670 260
670 422
670 430
670 634
670 644
671 268
672 92
672 107
672 211
672 270
672 332
672 361
672 381
672 631
673 211
673 344
673 468
674 214
674 490
674 655
675 77
675 427
676 98
676 294
677 38
677 76
677 102
677 245
677 263
677 450
677 492
677 576
677 600
678 128
678 392
679 159
679 182
679 579
679 612
680 246
680 360
680 487
680 585
681 323
681 330
681 551
682 243
682 324
682 412
682 436
682 509
682 567
682 626
683 285
683 392
683 566
684 432
685 117
685 352
686 22
686 78
686 214
686 243
686 534
686 553
687 150
687 179
687 491
687 493
687 563
688 264
688 522
689 17
689 32
689 197
689 347
689 646
690 443
690 499
690 646
691 150
691 163
691 534
691 588
691 618
691 672
692 107
692 189
693 125
693 149
693 205
693 440
694 220
694 355
694 495
694 661
695 62
695 145
695 213
695 378
695 642
696 8
696 44
696 178
696 332
696 454
696 496
696 673
697 18
697 201
697 382
697 596
698 199
698 200
698 358
698 553
699 71
699 124
699 167
699 202
699 255
699 491
699 521
699 696
700 101
701 104
701 116
701 177
701 197
701 390
702 143
702 400
702 401
702 519
702 586
703 33
703 163
703 324
703 365
703 619
704 74
704 141
704 257
704 340
704 449
704 683
705 36
705 56
705 124
705 209
705 428
705 439
706 328
706 360
706 408
706 648
707 347
707 464
707 504
708 112
708 398
708 432
708 656
709 647
710 66
710 111
711 240
711 350
711 458
711 486
711 519
711 616
712 56
712 68
712 304
713 513
713 543
713 652
714 65
714 66
714 87
714 210
714 450
714 496
715 77
715 155
715 262
715 322
715 478
715 561
715 563
716 27
716 157
716 273
716 279
717 26
717 263
717 309
717 430
717 455
717 479
718 10
718 76
718 154
718 198
718 459
719 238
719 389
719 437
719 505
719 599
719 666
719 688
720 91
720 215
720 250
720 358
721 7
721 257
721 351
721 375
721 600
721 609
722 91
722 219
723 41
723 130
723 242
723 485
724 182
724 354
724 425
724 457
724 546
725 104
725 220
725 237
725 265
726 186
726 240
726 369
726 395
726 439
726 611
727 442
728 266
728 365
728 469
728 672
729 66
729 72
729 96
729 220
729 461
729 463
729 588
729 642
730 168
730 363
730 391
730 585
730 712
731 45
731 259
731 339
731 395
731 495
731 650
732 570
732 624
732 663
733 7
733 167
733 262
733 377
733 537
733 696
734 0
734 87
734 209
734 551
734 648
734 672
735 554
735 566
735 615
735 669
736 24
736 138
736 354
736 491
737 27
737 411
737 468
737 682
738 43
738 55
738 229
738 584
739 121
739 140
739 227
739 552
739 686
740 305
740 458
740 521
740 617
741 119
741 143
741 219
742 45
742 136
742 160
742 177
742 211
742 524
743 143
743 201
743 392
743 450
743 606
743 731
744 15
744 55
744 703
745 284
745 318
745 528
745 620
745 655
745 697
746 38
746 428
747 207
747 277
748 106
748 185
748 208
748 246
748 673
749 49
749 138
749 354
749 355
749 432
749 597
749 650
749 726
750 349
750 658
750 714
751 367
751 595
751 663
752 87
752 113
752 280
752 500
753 315
753 389
753 538
753 554
754 74
754 155
754 218
754 275
754 583
754 632
754 664
755 48
755 133
755 329
755 364
755 679
756 202
756 632
757 187
757 261
757 380
757 500
757 630
757 740
758 277
758 349
758 484
758 727
758 728
758 734
759 165
759 252
759 526
760 16
760 194
760 337
760 458
760 503
760 698
760 722
761 14
761 127
761 222
761 249
761 267
761 294
761 423
762 150
762 158
762 247
762 384
762 520
762 578
762 750
763 243
763 584
764 238
764 466
764 514
764 624
765 62
765 166
765 174
765 493
766 271
766 620
767 39
767 124
767 198
767 229
767 402
767 415
767 620
767 709
767 762
768 21
768 356
768 408
768 509
768 670
768 706
769 141
769 148
769 271
769 323
769 473
769 513
769 550
769 585
769 692
770 194
771 159
771 239
771 244
771 416
771 636
771 638
772 549
772 588
772 618
772 768
773 124
773 350
773 537
773 595
774 343
774 356
774 357
774 364
774 480
774 748
775 277
775 293
775 542
776 10
776 201
776 446
776 775
777 383
777 465
777 641
777 715
778 31
778 207
778 310
778 373
778 614
778 718
779 245
779 301
779 319
779 648
779 706
780 316
780 346
780 366
780 419
780 432
780 476
780 509
780 717
780 728
781 59
781 296
781 343
781 372
781 685
782 175
782 309
782 525
782 585
783 311
783 346
783 564
783 705
784 58
784 343
784 362
784 378
784 543
784 562
784 681
784 742
785 208
785 426
785 504
785 650
786 152
786 155
786 165
786 276
786 730
786 761
787 15
787 88
787 304
787 591
787 737
788 26
788 225
788 395
788 446
788 654
789 424
789 703
789 762
790 38
790 78
790 258
790 613
791 134
791 146
791 159
791 253
791 335
791 442
791 715
791 776
792 108
792 271
792 437
792 453
792 674
792 739
793 151
793 203
793 489
793 544
793 636
793 723
794 42
794 200
794 208
794 377
794 634
795 138
795 161
795 188
795 225
795 342
795 347
796 373
796 398
796 411
796 570
796 751
797 121
797 326
797 634
797 734
797 796
798 197
798 621
799 22
799 90
799 269
799 318
799 542
799 544
799 550
799 606
799 658
800 198
800 276
800 317
800 366
800 377
800 456
800 469
800 511
800 752
801 189
801 786
802 583
802 695
802 720
803 92
803 405
803 410
803 424
803 514
804 600
804 656
805 41
805 187
805 316
805 341
805 353
805 448
805 515
806 9
806 238
806 409
806 480
806 567
807 317
807 480
807 656
807 664
807 714
808 89
808 630
808 651
809 228
809 246
809 360
809 416
810 698
811 90
811 160
811 484
811 502
811 671
811 718
812 41
812 114
812 191
812 281
812 289
812 309
812 392
812 601
813 93
813 182
813 424
814 3
814 518
814 537
815 121
815 142
815 302
815 383
815 522
815 602
815 809
816 15
816 223
816 283
816 448
817 114
817 139
817 422
817 591
818 1
818 21
818 382
819 30
819 482
819 550
819 778
820 14
820 282
820 589
820 725
821 114
821 357
821 448
821 483
821 715
822 6
822 31
822 155
822 179
822 369
822 439
822 444
822 622
822 753
823 412
823 811
824 320
824 423
824 627
824 667
824 670
825 129
825 292
825 340
825 405
826 263
827 64
827 291
827 324
827 362
827 406
827 421
828 39
828 243
828 522
828 542
828 627
828 715
829 4
829 164
829 385
829 463
829 561
830 244
830 391
831 29
831 186
831 194
831 426
831 475
831 647
831 713
832 431
832 525
832 561
832 801
833 121
833 122
833 313
833 482
833 548
833 560
833 596
834 132
834 205
834 296
834 399
834 572
834 822
835 88
835 157
835 189
835 577
836 371
836 686
837 66
837 80
837 826
838 5
838 99
838 122
838 480
838 663
839 38
840 526
841 34
841 306
841 372
842 176
842 309
842 422
842 564
842 634
842 774
843 37
843 139
843 297
843 311
843 624
844 94
844 220
844 478
844 550
844 581
844 584
844 759
844 761
845 325
845 504
845 762
846 241
846 822
847 37
847 194
847 336
848 25
848 172
848 447
848 747
849 116
849 334
849 790
849 819
849 826
850 146
850 452
851 194
851 279
851 282
851 622
851 723
852 163
852 519
852 690
853 306
853 592
853 753
854 299
854 768
854 848
855 86
855 192
855 217
855 266
855 354
855 439
855 744
856 11
856 46
856 198
856 273
856 632
856 634
857 170
857 331
857 378
857 419
857 766
858 178
858 194
858 210
858 454
859 94
859 453
859 653
860 82
860 116
860 360
860 385
860 431
860 750
860 763
861 258
861 345
861 550
862 563
862 779
863 51
863 232
863 282
863 565
864 96
864 142
864 216
864 235
864 274
864 419
864 456
864 493
864 576
864 746
865 216
865 583
865 713
866 36
866 660
866 756
867 10
867 30
867 187
867 190
867 767
868 375
868 411
868 482
868 581
868 697
868 704
868 710
868 785
868 817
869 25
869 412
869 507
869 623
870 72
870 82
870 191
870 336
870 446
870 822
870 832
871 157
871 191
871 435
871 618
871 747
872 11
872 484
872 796
873 87
873 221
873 229
873 321
873 393
873 811
874 128
874 514
874 623
875 1
875 274
875 285
875 328
875 369
875 475
875 527
876 723
876 808
877 1
877 529
877 567
877 638
877 815
878 8
878 50
878 179
878 225
878 637
878 748
878 823
879 89
879 187
879 731
880 1
880 37
880 679
880 853
881 159
881 609
882 385
882 486
882 582
883 63
883 188
883 567
884 300
884 316
884 372
884 759
885 193
885 214
885 236
885 685
885 701
885 835
886 204
886 272
886 550
886 646
887 76
887 229
887 411
887 517
887 860
888 10
888 62
888 356
888 415
888 570
888 593
888 710
888 856
889 491
889 556
889 580
889 584
890 283
890 325
890 730
890 888
891 32
891 198
891 553
891 743
891 749
891 819
892 20
892 74
892 679
892 697
893 63
893 143
893 430
893 741
893 771
894 37
894 59
894 397
895 296
895 357
895 384
895 648
896 1
896 5
896 54
896 311
896 332
896 646
896 766
897 6
897 333
897 589
898 208
898 568
899 153
899 494
899 565
899 790
899 806
900 756
901 459
901 497
901 526
901 607
901 712
901 726
901 754
901 826
902 69
903 508
903 570
903 639
904 306
904 378
904 407
904 474
904 585
904 743
905 78
905 202
905 237
905 308
905 609
905 682
905 868
905 892
906 190
906 677
906 782
906 783
907 70
907 140
907 466
907 613
907 687
907 819
907 881
908 41
908 171
908 301
908 444
908 483
908 795
909 94
909 99
909 133
909 155
909 380
909 396
909 426
909 458
909 704
909 842
910 587
910 639
911 444
911 465
911 513
911 599
912 400
912 452
912 702
912 747
912 865
913 7
913 76
913 212
913 647
913 700
913 844
913 898
914 37
914 50
914 73
914 320
914 583
914 745
915 217
915 423
915 631
915 778
916 308
917 79
917 484
917 517
917 592
917 763
918 86
918 97
918 304
918 342
918 449
918 458
918 503
918 561
918 596
918 690
918 734
918 852
919 190
919 831
920 170
920 309
920 708
920 745
920 779
920 808
920 888
921 47
921 62
921 251
921 302
921 341
921 450
921 639
921 744
921 806
922 267
922 515
922 595
922 710
922 827
923 69
923 104
923 105
923 301
923 423
923 599
923 717
924 443
924 511
924 589
924 641
924 861
925 76
925 359
925 570
925 854
925 856
925 886
926 360
926 398
926 631
926 789
926 896
927 406
927 408
928 255
928 279
929 770
930 146
930 244
930 499
930 840
931 102
931 171
931 247
931 392
931 757
931 802
931 901
932 7
932 39
932 448
932 637
932 787
932 886
933 121
933 440
933 609
933 697
933 876
934 462
934 514
934 575
934 655
934 860
934 918
935 130
935 156
935 491
935 532
935 560
935 664
935 672
935 812
935 913
936 208
936 497
936 657
936 771
937 140
937 636
937 653
937 705
937 902
937 919
938 7
938 40
938 384
938 483
938 506
938 558
938 805
939 47
939 48
939 71
939 316
939 549
939 805
939 814
940 719
940 731
940 889
941 711
941 884
942 19
942 299
942 407
942 707
942 811
942 915
943 250
943 275
943 381
943 442
943 485
943 715
944 34
944 435
944 580
944 603
944 660
944 777
944 932
945 25
945 235
945 500
945 688
945 809
945 930
946 165
946 226
947 387
947 427
947 502
947 511
947 789
948 223
948 235
948 287
949 39
949 302
949 574
949 671
950 192
950 389
950 403
950 479
950 556
950 572
950 637
950 701
950 729
951 104
951 196
951 280
951 366
951 903
952 374
952 521
952 807
952 850
952 928
953 248
953 660
953 695
953 848
954 144
954 319
954 635
954 655
954 683
954 726
954 912
955 18
955 74
955 494
955 615
956 112
956 267
956 302
956 348
956 446
956 472
956 508
956 723
956 881
956 951
957 46
957 275
957 822
958 247
958 702
958 737
958 802
958 814
958 827
958 936
958 938
959 67
959 253
959 274
959 278
959 339
959 404
959 525
959 552
959 591
959 604
959 711
959 925
960 35
960 205
960 346
960 352
960 476
960 521
960 529
960 544
960 763
960 940
961 152
961 304
961 567
961 599
961 686
961 899
962 140
962 184
962 245
962 362
962 728
962 782
962 896
963 85
963 111
963 473
963 539
963 724
963 803
964 133
964 199
964 254
964 544
964 838
964 948
965 425
965 503
965 532
965 783
965 931
966 604
966 655
966 670
966 688
966 807
967 77
967 656
967 813
967 833
967 888
968 123
968 125
968 162
968 170
968 186
968 383
968 593
968 681
968 693
968 717
968 930
969 68
969 115
969 571
969 592
969 862
969 923
970 87
970 123
970 222
970 248
970 317
970 354
970 392
970 510
970 636
971 128
971 420
971 671
971 954
972 85
972 415
972 525
972 542
972 558
972 632
972 688
973 109
973 144
973 145
973 161
973 215
973 668
973 879
974 24
974 171
974 284
974 387
974 467
974 640
975 208
975 769
975 809
975 852
976 430
976 550
976 882
977 162
977 393
977 678
977 840
977 898
977 973
978 312
978 411
978 589
978 691
978 705
978 877
978 954
979 100
979 114
979 300
979 310
979 496
979 671
979 810
979 838
979 913
980 160
980 168
980 292
980 358
980 396
980 666
980 825
980 926
981 25
981 221
981 304
981 365
981 443
981 717
981 760
981 817
981 953
982 20
982 258
982 430
982 700
982 825
982 944
983 82
983 282
983 388
983 620
983 637
983 679
983 791
983 794
983 854
983 871
983 943
984 476
984 505
984 631
984 669
984 782
984 891
985 177
985 365
985 374
985 379
985 478
985 528
986 139
986 224
986 480
986 663
986 670
986 908
987 160
987 344
987 565
987 700
987 751
987 763
987 805
988 73
988 149
988 186
988 695
989 176
989 200
989 406
989 720
989 735
989 907
989 927
989 934
989 959
989 970
990 54
990 67
990 251
990 557
990 935
991 16
991 20
991 25
991 763
991 781
991 959
992 93
992 146
992 287
992 315
992 468
992 586
992 675
992 722
992 730
992 954
993 440
993 550
993 614
993 703
993 883
994 70
994 131
994 180
994 273
994 307
994 397
995 241
995 589
995 701
995 727
995 770
996 59
996 92
996 141
996 428
996 761
997 31
997 120
997 261
997 364
997 385
997 424
997 557
997 621
998 89
998 407
998 762
998 775
998 784
999 31
999 66
999 261
999 871
999 934
