401 535
300 890
459 840
868 571
655 414
355 278
586 344
872 791
909 253
721 586
219 574
271 643
594 635
207 790
85 843
85 872
85 316
359 253
359 344
877 238
877 253
240 393
600 854
797 275
637 790
637 266
637 916
512 677
74 156
201 32
201 953
763 836
864 414
864 355
197 411
197 201
121 219
474 282
852 168
860 878
302 275
306 76
740 328
597 924
406 282
406 156
406 704
500 154
500 386
500 704
933 860
688 240
31 328
14 393
569 537
61 669
2 219
497 420
139 316
402 894
402 497
589 271
589 56
589 103
176 872
176 600
6 740
646 571
496 916
159 53
159 496
705 207
213 271
703 571
703 949
880 894
880 302
880 827
145 306
749 212
783 930
783 271
783 704
146 763
146 392
209 31
689 133
689 749
902 597
241 494
352 145
639 401
375 139
695 197
555 201
793 411
793 594
793 589
741 740
741 467
765 266
765 763
765 569
480 719
972 179
70 813
70 551
674 864
299 164
299 420
299 595
681 674
311 843
624 635
624 750
757 854
626 414
626 528
626 253
626 953
81 843
81 777
991 269
198 32
198 737
198 704
325 20
391 53
437 241
573 827
573 749
531 328
366 894
366 526
979 74
979 900
979 184
979 480
590 551
37 586
37 437
172 72
856 842
98 164
98 737
98 689
98 991
798 20
798 933
314 868
314 777
596 168
596 909
596 450
596 269
596 693
596 531
596 366
756 76
756 825
756 467
469 233
124 302
124 757
342 493
342 469
468 856
163 843
163 868
163 933
429 825
429 886
243 813
243 322
243 637
243 391
823 383
287 635
287 430
560 933
181 480
989 927
65 669
946 972
232 704
627 31
627 902
177 597
509 586
509 797
509 121
509 579
309 528
309 156
309 639
575 406
575 946
844 943
455 637
455 704
455 241
308 322
308 266
816 147
90 163
454 455
27 864
27 241
327 197
327 121
327 143
682 500
682 933
682 626
682 308
682 90
292 194
292 916
9 266
9 27
78 143
78 480
839 890
839 560
895 336
51 860
51 494
51 674
671 877
941 325
236 500
699 139
699 212
699 124
482 376
482 703
482 88
482 808
482 627
276 219
276 139
3 823
653 14
444 756
413 213
413 989
465 26
465 756
666 31
666 793
666 325
485 924
485 17
155 499
44 677
44 704
503 32
503 979
503 342
373 48
373 497
129 904
129 579
321 27
321 465
371 864
371 689
371 493
371 674
162 872
629 240
629 90
195 212
664 528
664 790
664 593
664 373
427 465
859 924
859 560
267 900
267 51
426 757
426 573
772 155
692 560
250 856
718 942
718 906
718 181
718 839
107 569
363 114
363 626
845 401
845 336
557 353
557 168
557 499
442 103
442 750
720 124
472 791
472 429
229 48
229 306
229 624
229 232
229 162
950 139
950 695
950 816
950 336
284 207
284 376
284 98
952 476
140 586
140 972
140 70
440 302
440 342
501 796
912 14
821 890
821 269
910 528
910 930
910 904
910 895
347 201
559 952
202 344
202 194
202 689
202 140
716 571
716 94
770 72
770 902
264 666
935 300
935 13
935 284
524 14
524 454
524 796
524 821
547 85
547 363
547 524
516 376
516 777
846 843
846 537
846 979
846 562
301 366
876 991
710 808
710 454
660 499
660 816
340 466
340 930
340 579
340 140
588 501
855 843
855 596
855 664
855 935
599 397
599 855
800 11
800 156
800 140
800 340
333 927
618 840
618 930
618 440
252 184
252 454
380 703
954 525
245 900
245 482
245 252
870 900
446 133
446 198
446 629
446 501
396 48
743 411
743 70
743 469
743 162
743 140
117 677
117 233
117 413
978 271
297 637
297 391
297 844
297 107
297 347
381 741
390 813
390 240
390 311
390 107
881 106
881 482
881 796
64 528
64 397
64 340
418 639
418 972
161 718
161 284
896 573
67 594
67 375
449 58
449 860
984 241
984 943
984 950
984 284
384 666
504 594
504 31
378 61
378 749
538 916
538 972
538 859
787 916
787 881
567 796
687 688
687 639
215 864
780 933
780 430
93 103
650 916
132 397
132 384
619 497
619 181
279 53
951 355
951 386
951 87
951 9
641 827
641 129
258 594
258 881
529 755
928 240
874 269
874 100
230 378
848 406
848 589
848 347
113 181
95 32
95 864
95 250
631 266
631 184
631 848
530 512
530 437
530 264
530 301
55 444
948 721
948 269
948 380
388 51
388 557
388 599
647 524
647 846
945 17
945 61
945 693
945 258
883 145
883 765
883 480
883 98
883 468
883 465
883 629
883 388
748 689
748 252
260 181
863 909
863 941
863 772
779 643
779 927
779 287
224 168
224 597
224 666
224 692
224 250
224 780
642 855
964 164
668 894
668 48
668 197
668 906
668 426
239 979
239 327
239 859
239 161
41 740
41 555
41 455
41 780
385 718
921 531
921 559
921 618
289 61
853 154
853 103
853 98
303 949
303 94
303 363
331 207
331 499
331 148
331 984
54 322
54 772
54 863
690 253
690 233
690 442
346 202
534 934
534 418
293 890
293 537
293 342
293 44
633 843
633 340
944 589
944 213
403 182
403 504
403 668
752 643
350 790
350 412
350 927
350 626
350 562
350 935
887 840
887 414
887 597
887 143
887 64
251 635
251 688
244 500
630 864
630 499
304 627
304 828
519 530
988 74
988 391
901 646
901 934
901 236
901 876
901 331
405 912
764 78
764 245
857 31
857 755
621 32
621 949
621 147
621 184
621 765
621 284
621 739
621 764
75 430
75 772
963 798
963 163
963 455
914 339
914 777
914 555
914 856
794 195
794 41
187 894
187 383
187 663
652 864
652 213
652 375
652 555
652 530
541 836
541 300
541 655
541 827
541 140
483 756
483 215
970 184
38 26
38 516
38 764
400 646
400 914
714 275
714 704
714 198
714 465
714 935
580 600
580 989
961 752
89 156
89 979
89 51
89 400
802 115
549 663
549 419
549 64
661 366
52 927
52 935
102 91
102 449
102 742
102 883
498 420
498 253
498 381
460 177
460 501
460 529
460 621
332 198
62 420
62 589
915 528
915 909
915 148
915 765
915 429
915 876
915 919
188 359
188 243
188 690
188 764
188 802
307 386
307 139
307 596
307 426
307 952
725 402
725 65
165 201
165 664
926 419
649 353
649 844
649 988
79 53
79 358
79 703
79 808
79 941
79 301
79 165
616 148
616 437
616 845
616 846
357 595
357 100
357 55
110 314
110 413
110 951
937 836
937 238
937 179
937 114
937 798
937 163
937 844
937 530
433 342
513 836
513 624
513 951
738 840
738 763
738 406
738 442
738 89
313 356
313 765
313 962
257 843
257 53
257 934
257 279
715 677
715 302
715 692
973 682
973 252
973 552
973 224
973 738
334 194
334 979
334 588
7 669
7 172
7 442
7 650
696 145
696 974
696 448
769 902
769 493
769 336
769 802
151 76
151 325
151 94
151 989
151 937
151 448
911 863
543 466
543 195
659 719
659 181
659 13
898 205
898 308
898 403
183 934
183 991
183 504
183 55
183 346
22 179
22 358
22 900
22 162
22 664
22 350
784 411
784 537
784 695
784 198
713 576
713 881
713 388
713 642
12 278
12 355
12 763
12 469
12 629
12 950
867 793
130 466
130 380
130 752
39 569
39 742
39 883
39 668
421 576
421 397
421 787
421 529
421 945
421 460
533 933
533 876
533 257
167 497
167 90
767 750
767 710
767 974
767 659
829 737
829 791
829 626
829 469
711 115
711 396
849 916
849 275
849 589
849 356
849 426
849 340
865 328
758 54
758 732
858 597
858 129
431 244
431 89
323 14
323 209
138 20
138 698
138 783
138 547
564 94
564 225
564 910
685 493
685 575
685 504
685 961
685 649
585 902
585 626
585 455
585 7
45 233
45 243
320 304
320 857
892 179
892 406
892 37
735 81
735 202
348 352
348 342
348 629
917 772
917 47
175 147
175 183
97 450
97 455
97 413
97 264
729 930
729 145
729 742
729 779
729 534
729 549
987 663
987 448
82 154
82 618
82 334
817 292
817 340
409 26
409 209
409 564
604 168
604 90
604 44
604 264
604 787
604 54
986 70
986 313
986 715
86 721
86 693
86 321
86 530
86 331
270 182
270 579
270 155
270 631
270 257
745 198
745 848
745 863
745 331
745 988
625 308
625 711
43 239
43 659
568 331
568 633
432 230
686 635
686 763
686 151
960 355
960 497
700 2
700 450
700 390
700 334
40 836
40 639
35 209
35 621
319 860
319 198
80 668
80 892
995 688
995 340
610 580
343 401
343 406
343 356
204 74
204 860
204 705
204 472
204 650
670 537
670 641
947 316
947 347
947 652
947 343
542 597
542 397
542 695
542 626
542 430
542 482
542 921
542 549
268 671
268 413
268 442
109 688
109 914
771 953
771 340
771 307
771 696
561 271
561 695
561 951
561 853
561 332
561 12
712 20
712 2
712 198
712 895
712 973
382 639
382 619
382 774
214 297
214 533
471 494
471 233
486 179
486 114
486 595
486 229
486 848
486 969
993 797
993 6
993 842
993 308
993 895
993 961
173 476
173 900
173 3
173 738
36 909
936 26
936 772
936 901
936 421
523 85
523 359
523 575
523 844
523 870
523 304
965 949
965 393
965 76
965 197
680 989
680 588
680 239
235 872
235 65
235 444
614 232
614 627
614 926
128 710
128 961
602 953
602 543
602 604
602 270
185 586
185 90
185 901
185 829
185 917
786 813
786 182
786 78
786 202
786 323
657 943
657 140
657 542
335 737
335 533
566 386
566 81
566 252
566 817
751 703
751 627
751 455
751 236
751 542
751 523
654 798
654 94
654 800
654 380
203 305
612 584
612 493
612 874
612 138
730 383
730 596
730 165
131 579
131 336
131 343
522 756
522 989
522 346
522 561
522 203
351 356
351 495
351 767
351 947
766 328
766 740
766 531
766 987
515 790
515 750
515 624
515 94
760 114
760 143
760 37
760 475
410 669
410 934
410 770
42 313
477 872
477 916
477 816
477 252
477 260
477 690
706 56
706 356
706 859
706 821
801 323
801 432
377 275
377 336
377 378
377 858
425 842
425 184
425 37
425 503
345 825
345 80
28 32
28 777
28 162
28 384
28 986
805 571
805 594
805 100
805 896
805 151
186 528
186 886
186 245
186 787
990 584
990 902
990 541
990 351
180 20
180 209
180 452
180 37
180 172
180 469
180 874
180 421
180 625
180 345
638 856
638 239
638 251
310 278
310 854
310 580
16 114
16 765
16 469
16 538
16 787
16 97
16 908
399 476
399 306
399 749
399 93
399 767
399 268
792 340
792 251
971 750
971 798
971 3
971 451
971 585
971 735
971 432
971 670
66 353
66 496
66 946
66 501
77 276
77 381
191 412
191 474
191 653
191 113
191 867
191 82
220 391
220 51
220 22
341 322
341 212
341 163
341 951
341 735
341 175
620 723
620 669
620 465
620 935
620 715
262 177
262 682
262 779
218 941
218 769
999 790
999 576
999 219
227 133
227 551
227 756
227 774
507 253
507 783
507 794
899 693
899 143
899 47
226 573
226 516
226 687
226 93
226 95
226 329
226 42
226 28
226 999
294 154
294 860
294 13
753 156
753 229
753 323
753 817
291 130
884 909
884 671
884 650
884 38
884 334
884 310
199 275
199 933
199 934
199 325
199 163
199 863
199 460
199 130
174 271
174 202
174 22
940 772
940 472
940 257
847 402
847 844
847 954
847 239
733 843
733 526
733 935
447 569
447 757
447 202
447 937
447 614
648 300
648 314
648 516
648 138
648 320
648 40
662 797
662 287
662 250
662 183
116 159
116 70
116 911
116 329
5 336
5 44
5 876
5 928
10 686
717 307
717 357
717 696
169 121
169 356
169 75
814 574
814 258
975 475
975 962
975 612
975 730
975 971
259 302
259 616
259 39
879 70
879 908
834 154
834 689
834 75
834 917
976 854
976 646
976 385
976 975
762 156
762 269
762 493
762 674
762 81
762 115
762 155
762 319
34 535
34 314
34 350
34 543
34 82
408 595
408 64
408 448
980 827
980 472
980 849
830 991
830 509
830 644
830 631
830 828
830 519
830 802
724 574
724 61
724 340
724 568
30 314
30 340
875 177
875 90
875 743
875 642
875 102
875 947
875 131
992 29
992 689
992 607
992 631
615 459
615 712
615 291
255 535
255 840
255 414
255 637
255 213
255 615
170 205
170 941
170 876
470 637
470 796
470 642
470 185
470 515
315 184
315 575
407 29
407 31
407 6
407 990
256 586
256 205
256 992
423 300
423 373
423 599
423 784
804 238
804 87
804 538
804 604
804 686
506 748
506 183
506 409
506 382
506 980
59 631
59 425
59 34
24 886
24 264
24 260
142 406
142 682
142 297
142 915
592 531
592 772
592 95
807 381
807 896
807 66
277 791
277 182
277 883
489 569
489 139
489 496
489 764
398 878
398 600
398 440
398 460
398 185
545 890
545 646
545 757
545 165
545 180
545 999
101 243
101 859
101 93
101 769
101 771
645 537
645 637
645 366
645 668
645 690
684 860
684 220
967 132
967 564
824 552
824 738
824 319
824 131
728 353
728 797
728 139
728 376
728 188
728 999
563 74
563 522
563 191
563 992
49 569
49 252
577 575
577 541
577 109
577 992
367 145
367 165
885 278
885 698
885 31
885 184
885 289
885 255
536 813
536 860
536 340
536 612
536 447
242 845
242 642
242 849
242 730
104 821
520 872
520 386
520 47
520 332
435 78
435 513
435 735
435 341
435 999
435 834
379 695
379 469
379 796
379 892
50 952
50 323
50 917
556 53
556 589
556 107
556 24
835 639
835 38
835 151
835 659
835 22
835 724
707 684
570 509
570 641
702 890
702 872
702 637
702 793
702 941
702 41
702 109
83 437
83 419
923 551
923 870
923 549
249 930
249 181
249 82
249 568
249 805
249 367
193 287
193 292
193 892
73 596
73 485
73 711
73 423
171 872
171 602
759 909
759 935
759 542
1 547
1 855
1 175
1 885
611 266
611 555
611 945
611 615
606 175
606 341
492 909
295 474
295 37
295 267
295 845
295 774
295 45
295 936
295 447
893 476
893 241
893 356
893 124
893 844
893 654
893 923
640 271
640 714
640 784
640 204
675 85
675 705
675 772
675 541
675 89
675 45
675 686
675 899
221 860
221 856
221 78
922 574
922 655
922 184
922 301
922 513
394 877
394 465
394 251
394 914
634 637
634 646
634 148
634 516
634 22
634 638
634 399
441 584
441 94
441 267
441 770
441 67
441 410
441 556
994 229
994 951
994 187
994 715
544 800
544 47
544 630
544 1
508 902
508 627
508 912
508 936
508 615
776 555
776 944
776 961
776 585
776 73
658 590
658 177
658 530
658 41
658 498
658 399
548 371
548 245
548 279
548 829
548 735
548 724
722 327
722 824
925 687
112 904
112 225
811 576
811 644
811 42
608 253
608 219
608 201
608 182
608 22
234 282
234 627
234 631
234 289
234 335
234 425
234 514
234 875
478 546
478 494
478 757
478 325
478 742
478 738
478 729
478 104
134 474
134 182
134 225
134 460
134 40
134 10
122 339
122 593
122 396
122 67
122 630
754 763
754 184
754 301
754 978
754 702
754 193
931 535
931 495
931 965
931 66
651 61
651 783
651 191
8 6
8 552
8 215
8 928
8 947
8 847
217 652
826 363
826 696
826 227
826 724
591 393
591 300
591 770
591 787
591 183
938 485
938 130
337 828
337 938
120 48
120 393
120 179
120 74
120 366
120 808
120 51
120 268
120 556
120 122
119 878
119 124
119 921
119 908
119 221
871 787
871 447
871 408
871 592
369 535
369 168
369 74
369 860
369 205
369 202
369 381
369 616
369 5
200 635
200 537
200 325
200 250
200 52
200 110
200 700
200 638
0 763
0 301
0 817
0 657
0 30
683 164
683 117
683 739
683 270
683 173
683 786
744 660
744 483
744 725
744 612
434 31
434 494
434 145
434 624
434 475
434 483
768 808
768 175
464 790
464 390
464 973
464 807
636 316
636 406
636 363
636 227
819 391
819 644
819 520
679 677
679 896
679 887
679 786
558 321
558 752
558 751
558 654
558 570
189 575
189 710
189 183
189 670
189 441
491 760
983 327
983 195
983 937
983 700
4 864
4 138
424 48
424 385
424 715
424 829
424 86
532 474
532 952
532 335
532 611
955 176
955 945
955 544
955 491
518 909
518 693
518 88
518 444
518 363
518 742
518 794
518 410
364 555
364 808
364 492
364 591
223 114
223 419
223 755
223 385
223 421
223 936
223 620
223 636
417 537
417 139
709 790
709 309
709 115
709 44
709 129
709 951
709 102
709 915
709 189
822 213
822 741
822 927
822 564
822 967
788 813
788 646
788 948
788 898
788 45
788 566
603 430
603 87
603 984
603 792
603 506
365 763
365 952
365 425
694 644
694 699
694 64
694 0
736 878
736 114
736 19
736 690
736 346
736 77
736 101
736 893
572 840
572 537
572 666
572 922
572 768
521 607
521 334
873 843
873 340
873 12
873 620
873 884
665 798
665 107
665 602
272 32
272 798
272 230
272 367
137 935
137 567
125 535
125 90
125 203
125 142
387 321
387 204
387 221
196 243
196 403
196 257
196 508
981 947
981 561
144 201
144 661
144 522
144 830
144 776
144 736
782 533
882 647
882 965
540 863
540 630
540 758
473 146
473 37
473 340
247 164
247 240
247 88
247 440
247 419
247 547
247 715
247 995
247 814
247 634
918 500
918 524
918 55
903 450
903 311
903 531
903 735
623 48
623 868
623 269
623 786
623 615
623 242
439 644
439 236
439 196
368 79
368 937
368 24
815 964
815 814
152 635
152 429
152 615
118 768
587 474
587 2
587 268
587 999
587 5
587 606
587 591
370 749
370 39
370 675
370 634
897 777
897 562
897 567
897 712
428 179
428 497
428 310
428 548
23 497
23 181
23 413
23 43
23 337
23 587
105 635
105 76
105 777
105 86
105 662
105 171
105 871
932 476
932 85
932 942
932 641
932 696
932 735
932 729
932 776
932 272
932 387
809 890
809 744
166 579
166 787
166 769
166 683
837 342
837 64
837 867
837 24
228 890
228 856
228 332
228 612
228 180
228 341
228 518
15 184
15 95
15 944
15 109
15 137
905 383
905 660
905 947
905 717
582 180
582 814
582 137
761 852
761 91
761 482
761 945
761 110
761 16
958 476
958 450
958 292
958 444
958 303
958 341
46 900
46 579
46 225
46 845
46 516
280 13
280 319
280 976
481 414
481 351
481 83
445 569
445 155
445 230
445 647
445 59
445 521
889 176
889 340
889 378
889 755
889 7
889 754
889 744
889 815
317 813
317 375
317 88
317 195
317 418
317 331
317 346
317 887
317 636
997 890
997 571
997 179
997 721
997 37
997 373
997 743
997 530
997 745
997 834
997 277
997 893
997 272
436 31
436 375
436 557
436 7
436 990
436 545
436 223
436 587
511 207
511 765
511 52
511 867
511 965
676 732
676 377
676 218
676 368
869 363
869 650
869 258
869 661
869 0
285 952
285 963
374 64
374 529
374 491
374 603
374 445
389 886
810 685
810 409
810 382
810 470
810 548
920 392
920 699
920 660
920 304
920 652
920 7
920 457
747 794
747 751
747 256
747 441
318 20
318 140
318 448
318 834
326 184
326 19
326 388
326 303
326 776
656 600
656 306
656 455
656 257
656 735
656 654
613 783
613 649
613 105
296 682
296 284
296 307
296 788
372 278
372 30
372 364
136 989
136 276
136 954
136 379
136 931
135 328
135 31
135 198
135 692
135 881
135 45
135 425
135 30
135 436
135 676
866 168
866 403
866 617
866 175
866 670
866 712
866 435
672 972
672 140
672 516
672 552
672 649
672 101
672 272
672 317
254 845
254 599
254 117
254 498
254 858
254 815
69 916
69 499
69 934
69 91
69 935
69 334
69 351
69 728
69 570
789 106
789 856
789 592
956 309
956 472
956 187
956 515
956 615
956 478
956 125
274 168
274 880
274 750
274 163
274 482
274 780
274 38
274 561
484 790
484 132
484 230
484 945
484 863
484 752
484 730
609 88
609 440
609 449
609 441
609 815
553 397
553 437
553 531
553 65
178 529
178 617
178 866
982 397
982 225
982 633
982 43
982 319
982 925
126 721
126 497
126 87
126 314
126 276
126 178
192 332
192 116
581 646
581 198
581 47
581 931
581 609
190 93
190 214
190 792
565 219
565 595
565 182
565 612
487 868
487 75
487 616
487 899
96 238
96 524
96 54
96 580
96 522
96 423
96 24
96 105
96 920
479 2
479 347
479 961
479 110
479 614
479 908
479 136
127 414
127 700
127 634
127 866
598 954
598 642
539 930
539 735
539 754
820 325
820 267
820 944
820 45
248 813
248 597
248 230
248 936
283 58
283 102
283 611
283 189
554 393
554 860
554 27
554 47
554 199
265 840
265 32
265 266
265 718
265 713
157 148
157 718
157 277
362 718
362 524
362 652
362 183
362 235
362 118
362 656
108 420
108 928
108 495
108 203
108 648
108 565
773 20
773 414
773 212
773 979
773 455
773 940
773 255
773 83
773 582
773 285
141 197
141 703
141 151
141 214
141 908
33 3
33 472
33 140
33 333
33 690
550 344
550 168
578 147
578 413
578 545
578 492
578 658
360 251
360 621
360 408
968 318
149 635
149 2
149 131
977 647
977 265
832 179
832 430
832 839
832 642
832 769
832 423
832 166
832 280
458 279
458 608
458 96
517 909
517 467
517 41
517 915
708 643
708 852
708 212
708 573
708 346
708 867
708 441
708 761
237 5
628 88
628 251
628 259
746 586
746 669
746 260
746 670
746 940
746 708
697 984
697 183
697 849
697 700
697 602
632 176
632 124
632 51
632 16
632 262
632 992
632 73
632 866
812 213
812 451
812 875
812 111
231 877
231 787
231 289
231 634
361 275
361 541
361 332
361 259
361 932
361 192
361 248
160 78
160 800
160 787
160 755
160 621
160 962
160 683
160 223
502 674
502 311
502 264
502 633
502 42
862 635
862 91
862 902
862 472
862 910
862 875
862 679
781 916
781 827
781 674
781 107
781 919
781 779
781 858
781 550
57 949
57 900
57 309
57 593
57 618
57 307
57 22
678 198
678 796
678 501
678 477
678 144
63 765
63 44
63 547
63 647
63 621
63 334
63 696
63 774
63 77
63 220
63 408
63 439
63 511
63 57
286 854
286 948
286 45
286 35
286 506
286 676
286 613
286 190
286 361
691 334
691 262
463 793
463 798
463 78
463 557
463 446
463 477
463 192
415 880
415 895
415 718
415 363
415 641
415 47
415 963
415 564
415 556
415 83
701 626
701 66
701 675
701 120
701 812
416 474
416 618
416 567
416 638
416 33
929 238
929 107
775 201
775 314
775 100
775 504
775 748
775 270
462 671
462 901
462 489
462 50
462 540
281 339
281 805
281 931
281 464
281 368
959 124
959 846
959 660
959 881
959 711
959 634
959 518
959 361
673 76
673 979
673 413
673 495
673 319
673 399
673 676
838 669
838 670
838 632
338 600
338 595
338 98
338 808
338 138
338 218
338 761
939 0
939 815
939 691
246 742
246 351
246 684
246 768
246 387
246 286
246 929
957 902
957 592
957 208
957 296
216 535
216 860
216 67
216 567
216 357
216 717
216 367
216 368
216 141
841 643
841 551
841 352
841 769
841 128
841 578
222 757
222 327
222 931
18 586
18 449
18 604
18 614
18 638
18 502
210 48
210 406
210 788
795 560
795 575
795 40
795 228
795 697
158 653
158 138
527 437
527 472
726 299
726 468
726 225
726 410
92 121
92 542
92 36
92 399
92 120
583 207
583 107
583 255
583 613
261 20
261 765
261 876
985 738
985 421
985 636
488 854
488 904
488 844
488 321
488 739
488 484
488 959
601 56
601 953
601 103
601 842
601 233
601 751
601 620
601 424
888 625
888 24
422 81
422 856
288 877
288 798
288 952
288 516
288 193
288 611
288 837
288 326
288 581
861 240
861 933
861 61
861 309
861 858
861 294
861 665
861 527
833 684
833 104
833 665
833 985
850 306
850 902
850 430
850 224
850 642
850 7
850 917
850 423
850 134
850 136
850 111
312 643
312 723
312 189
312 632
312 92
799 54
799 947
799 0
799 105
354 401
354 495
354 323
354 189
354 105
354 517
330 36
330 1
831 282
831 589
831 107
831 577
731 411
731 546
731 91
731 177
731 385
731 102
731 295
731 925
731 997
998 924
998 476
998 58
998 703
998 269
998 50
998 837
461 154
461 501
461 714
461 738
461 191
461 556
461 160
996 400
996 990
996 922
996 178
778 666
778 910
778 650
778 228
778 436
778 135
727 485
727 928
727 343
727 587
727 565
727 127
211 750
211 739
211 277
211 362
211 583
913 793
913 988
913 89
913 892
913 658
913 247
907 252
907 258
907 969
907 960
605 420
605 342
605 321
605 89
605 685
605 315
605 996
324 53
324 681
324 644
324 901
324 507
324 940
324 837
324 481
324 33
84 617
84 80
84 981
84 903
84 861
123 133
123 825
123 94
123 129
123 79
123 892
123 345
123 803
71 7
71 745
71 523
99 689
99 804
99 592
99 462
622 253
622 886
622 91
622 991
622 319
622 227
622 831
443 194
443 91
443 881
443 180
443 447
443 237
456 306
456 98
456 236
456 44
456 129
456 477
456 998
785 411
785 279
785 801
785 249
785 809
785 676
785 583
404 342
404 373
404 472
404 984
404 694
404 832
273 836
273 476
273 593
273 881
273 332
273 313
273 659
273 865
273 431
273 701
273 222
505 219
505 332
505 665
966 825
966 547
966 901
966 794
966 332
966 323
966 888
966 727
25 282
25 779
25 38
25 223
25 773
25 149
453 942
453 743
453 258
453 304
453 433
453 814
453 374
453 583
395 693
395 37
395 881
395 54
395 379
395 200
395 222
806 719
806 839
806 501
806 954
806 762
806 675
806 744
806 747
68 353
68 909
68 597
68 639
150 600
150 336
150 9
150 175
150 873
150 338
150 354
510 201
510 750
510 467
510 989
510 630
510 256
510 478
510 23
60 629
60 442
60 229
60 559
60 538
60 226
60 980
60 136
60 463
60 907
60 84
153 646
153 541
153 908
153 665
153 831
490 106
490 878
490 637
490 499
490 750
490 912
490 874
490 961
490 142
490 609
490 985
891 535
891 526
891 308
891 252
891 117
891 42
891 220
891 804
349 316
349 250
349 969
349 313
349 684
349 517
667 868
667 205
667 54
667 659
667 470
667 601
851 902
851 910
851 55
851 592
851 812
851 415
298 703
298 557
298 440
298 661
298 448
298 185
298 807
298 318
298 153
290 238
290 383
290 682
290 346
290 357
290 128
290 288
290 273
21 67
21 247
21 105
21 956
21 463
206 718
206 810
206 354
206 731
263 275
263 331
263 580
263 960
263 34
263 956
263 111
