20 16
26 16
30 24
37 3
39 4
39 34
41 34
43 30
44 7
53 36
54 51
58 32
63 4
64 57
66 0
69 5
73 7
79 5
80 50
81 50
82 7
83 76
84 31
85 3
85 33
89 82
91 16
94 73
95 5
95 41
96 87
98 91
99 28
99 64
100 80
103 98
104 47
105 37
107 12
107 45
107 105
109 81
109 95
114 57
114 96
115 70
117 41
117 111
120 22
120 23
121 22
122 25
123 4
124 57
124 60
124 85
125 124
127 37
128 90
130 32
130 125
131 51
132 83
133 69
135 10
135 84
136 59
136 123
137 84
138 94
138 123
139 22
139 93
139 119
139 136
143 38
145 71
145 138
147 79
149 70
150 101
151 140
152 8
152 103
153 8
153 93
156 21
158 54
160 82
161 20
162 114
163 26
164 52
166 120
168 110
171 102
173 27
173 28
173 162
174 144
175 6
175 25
175 155
176 43
177 34
177 57
179 13
180 65
180 67
182 47
182 140
183 31
183 90
183 149
189 63
189 106
189 151
189 178
191 31
191 45
191 108
192 66
193 136
194 130
195 123
196 23
196 114
197 38
197 156
198 31
199 184
200 43
200 77
200 129
201 12
201 48
201 192
202 47
202 54
202 87
203 144
204 3
205 96
205 191
206 22
206 33
207 84
209 51
212 191
213 53
214 187
215 15
215 188
216 32
216 176
217 67
218 105
219 48
220 22
220 45
220 212
223 102
223 170
223 198
223 203
224 25
224 47
225 86
227 182
228 22
229 55
229 65
229 166
229 211
229 227
230 107
230 168
231 61
231 70
231 94
233 19
234 94
234 228
235 88
235 135
236 30
236 31
238 63
238 237
239 35
239 129
239 223
242 153
243 219
244 12
245 96
247 57
247 80
247 225
247 239
247 245
248 135
249 0
251 28
251 214
252 54
252 150
254 208
254 239
255 68
255 191
255 226
256 255
257 116
258 76
258 181
259 144
260 16
260 187
260 210
260 254
262 22
262 172
264 52
265 32
265 232
266 1
266 54
266 111
266 169
266 263
268 2
269 73
269 81
271 86
271 119
271 151
271 196
272 33
272 129
272 148
272 264
273 21
273 40
273 209
274 56
275 32
275 91
275 97
275 188
276 61
276 179
276 241
277 16
277 184
279 7
279 225
280 181
281 70
282 78
282 135
282 214
285 49
286 93
286 140
286 220
286 264
287 136
288 63
288 206
288 246
288 264
290 138
290 185
290 227
291 132
291 280
292 82
293 24
294 101
295 88
295 181
295 216
296 102
296 187
297 148
297 247
297 273
298 28
298 295
299 81
299 227
300 50
300 230
301 103
301 257
303 107
303 154
306 204
306 290
308 60
308 192
309 15
309 213
309 228
309 250
309 287
310 20
310 158
311 225
312 32
313 34
313 162
313 248
314 119
314 135
314 210
316 216
316 222
317 34
317 140
318 263
319 87
319 242
319 317
321 200
321 275
322 37
322 195
323 42
323 223
324 67
324 175
324 183
324 205
325 299
325 313
326 46
326 72
326 93
326 281
326 323
327 8
327 15
329 246
330 252
330 271
331 146
331 168
332 90
332 168
332 219
332 324
333 50
334 12
334 16
334 122
334 178
335 42
335 97
336 124
336 198
338 41
338 67
338 213
338 320
339 269
340 120
340 138
340 149
341 61
341 184
341 290
341 319
342 110
342 151
342 195
342 290
343 151
343 289
344 269
344 336
345 38
346 154
346 205
346 213
347 23
347 181
347 320
348 117
349 60
349 271
350 95
350 122
350 323
351 60
351 98
351 241
351 305
352 164
353 12
353 197
353 340
354 78
354 179
354 340
355 31
356 185
356 310
357 137
357 143
358 249
358 254
359 88
359 168
361 6
361 70
361 98
362 197
362 232
362 307
362 315
362 348
363 5
365 90
366 70
366 241
367 307
367 357
368 333
369 280
369 314
370 30
370 292
372 180
372 183
372 240
373 120
373 308
374 16
374 355
375 211
375 239
376 174
377 321
378 102
378 322
379 24
379 39
380 103
380 188
381 268
382 13
382 270
382 278
383 82
383 135
383 381
385 122
385 134
386 138
386 202
387 236
388 74
388 223
388 336
390 184
390 334
391 13
391 78
393 226
393 250
394 101
394 301
395 40
395 204
396 184
397 28
397 113
398 228
399 209
399 240
399 339
400 243
400 363
401 97
401 206
401 245
402 264
402 314
403 42
403 125
404 57
404 203
404 334
405 271
406 44
406 177
406 308
406 399
407 317
408 243
409 164
410 52
410 62
410 71
410 74
410 240
410 313
411 135
411 207
412 85
413 74
413 314
413 356
414 139
414 286
414 361
414 363
415 14
415 138
415 223
415 250
415 341
415 342
416 212
416 319
417 100
417 203
417 270
418 355
419 253
420 76
420 165
420 379
421 11
421 356
423 346
424 184
425 42
425 89
425 354
425 362
426 338
427 209
428 341
429 141
429 207
429 224
429 250
430 44
430 91
430 184
430 242
431 18
431 318
432 74
432 399
433 317
434 38
434 254
434 334
435 21
435 66
435 142
436 341
436 366
436 379
436 424
437 83
437 107
437 108
437 398
439 222
440 21
440 281
440 336
441 14
441 61
441 68
441 175
441 228
441 262
441 409
442 37
442 207
442 240
442 307
443 108
443 258
443 303
443 325
443 393
444 334
445 55
445 79
445 93
445 200
445 297
446 85
446 359
447 41
447 163
447 191
447 233
448 37
448 92
448 175
449 286
450 102
450 258
451 310
451 322
453 436
454 86
454 324
455 110
455 125
455 154
455 167
455 222
455 340
456 9
456 184
456 199
456 242
456 395
457 274
457 282
459 54
459 198
460 101
460 135
460 306
460 449
461 418
462 31
463 76
463 109
463 174
463 331
463 340
463 357
464 57
464 75
464 367
465 139
465 252
465 274
465 425
466 63
467 284
468 423
469 78
469 293
469 321
469 343
469 411
470 77
470 233
470 252
470 318
470 440
471 346
472 141
472 332
472 360
472 436
473 391
474 253
475 0
475 332
475 474
476 9
476 39
476 46
476 249
476 268
476 301
477 165
477 186
477 258
477 386
477 436
477 447
478 0
478 23
478 64
478 73
478 126
478 227
478 423
479 0
479 66
479 164
479 354
480 92
480 361
480 378
481 59
481 63
481 79
482 63
482 190
482 192
482 380
482 403
483 263
483 420
484 151
484 353
485 27
486 91
486 464
486 467
487 145
487 484
488 201
488 275
488 300
488 308
488 398
488 435
489 51
489 181
489 366
490 17
490 128
490 180
490 239
490 378
490 409
490 441
490 448
491 27
491 154
492 255
492 304
493 134
493 212
493 440
494 84
494 182
495 292
495 434
496 105
496 343
496 349
496 474
497 54
497 179
497 360
497 363
498 271
498 375
499 287
499 306
499 435
500 6
500 14
500 123
500 124
500 189
501 166
501 384
501 423
501 463
501 478
502 191
502 278
502 321
503 198
503 437
504 56
504 120
504 398
506 95
506 247
506 278
506 349
507 175
507 452
508 159
508 203
508 312
508 349
508 453
509 44
509 218
509 485
510 371
511 126
511 198
511 436
512 32
513 95
513 118
513 449
514 218
514 226
515 163
516 190
516 201
516 235
516 243
517 318
517 391
518 53
518 75
518 133
518 224
518 226
518 361
518 365
519 180
520 7
520 287
522 210
523 34
523 161
524 44
524 226
524 259
524 500
526 289
527 428
527 469
528 44
529 32
529 498
530 47
530 141
530 156
530 257
530 325
530 466
530 509
531 182
531 373
531 521
533 85
533 350
533 397
534 33
534 328
535 277
535 288
535 363
535 528
535 532
536 304
537 46
537 154
537 198
537 328
537 405
538 58
538 273
538 370
538 413
538 416
539 163
539 531
540 79
540 256
540 456
541 282
542 140
542 241
542 328
542 350
542 386
542 493
542 520
542 530
543 7
543 349
543 495
544 38
544 94
544 140
545 12
545 185
545 204
545 251
545 487
546 146
546 186
547 170
547 314
547 404
547 407
548 112
548 262
548 298
549 143
549 269
549 312
550 136
550 228
550 232
551 24
551 407
551 411
551 476
551 502
552 54
553 247
553 308
553 332
554 38
554 53
554 64
554 168
554 300
554 382
555 33
555 61
555 66
555 197
556 101
556 171
556 453
556 483
556 500
556 547
557 208
557 482
558 55
559 518
560 105
560 128
560 178
560 269
560 479
561 119
561 415
561 557
562 126
562 213
562 288
563 48
563 60
563 263
564 180
564 188
564 246
564 265
564 412
564 505
565 256
565 304
565 312
566 395
566 481
566 522
567 284
567 361
568 108
568 133
568 472
569 47
569 135
569 250
569 264
569 325
569 448
570 138
571 0
571 112
571 317
572 51
572 115
572 303
573 7
573 58
573 317
574 30
574 317
575 160
575 179
575 230
575 296
576 68
576 373
576 548
577 510
578 177
578 319
579 447
580 199
580 249
580 284
581 74
581 164
581 234
581 421
582 361
583 46
583 48
583 323
583 408
583 506
584 142
584 424
585 311
586 26
586 45
586 370
586 374
586 497
586 533
587 0
587 226
587 267
587 285
587 369
587 561
588 463
589 33
589 67
589 371
589 430
589 473
589 480
589 498
589 574
590 298
591 66
591 378
591 532
591 541
591 547
592 134
592 202
593 278
593 383
594 5
594 229
594 241
594 392
594 461
595 88
595 201
595 223
595 297
595 465
596 307
596 318
596 444
596 461
596 462
596 481
596 490
596 491
596 523
597 194
597 228
597 484
597 534
597 543
598 406
598 455
599 257
599 542
600 220
600 284
600 309
600 324
600 507
601 186
601 222
601 331
602 90
602 380
602 420
602 547
603 70
603 75
603 109
603 267
603 401
604 120
604 140
604 176
604 233
604 255
604 421
604 523
605 96
605 185
605 201
605 350
605 513
606 198
606 356
607 408
608 21
608 187
608 289
608 573
609 195
609 221
609 387
609 580
609 603
611 135
611 313
612 63
612 75
612 116
612 293
612 406
613 266
614 257
614 321
615 63
615 89
615 163
615 227
615 242
615 292
615 437
616 74
616 214
616 541
617 393
617 499
618 153
618 181
618 219
618 251
618 510
619 84
619 143
619 331
620 139
620 173
620 316
620 381
620 468
620 582
620 592
621 106
621 127
621 248
621 272
621 283
621 518
621 602
621 614
623 105
623 520
624 398
624 401
624 477
624 504
624 529
625 16
625 364
625 465
626 127
626 166
626 323
626 367
626 479
626 511
626 524
626 565
626 587
627 363
627 373
627 423
628 162
628 622
629 88
629 263
629 533
630 45
630 580
630 611
631 114
631 131
631 194
631 548
631 577
631 579
632 54
632 113
632 205
632 277
632 406
632 491
632 569
632 608
633 430
633 450
633 579
634 160
634 284
634 486
634 544
635 36
635 135
635 233
635 248
635 308
635 342
635 390
636 96
636 120
636 163
636 443
636 526
637 267
637 347
637 374
637 528
637 605
637 632
638 247
638 332
638 426
638 513
639 202
639 408
639 515
640 121
640 146
641 140
642 18
642 120
642 141
642 270
642 440
642 467
643 80
643 121
643 453
643 466
643 631
644 69
644 96
644 458
644 504
644 518
645 51
646 15
646 159
646 160
646 185
646 268
646 361
646 434
646 627
647 99
647 148
647 233
647 603
648 1
648 169
648 302
648 362
648 376
649 79
649 184
649 199
650 134
650 293
650 362
651 317
651 363
652 2
652 290
652 376
652 429
652 490
652 522
653 82
653 89
653 151
654 102
654 320
654 567
654 579
654 634
655 115
655 557
656 160
656 225
656 267
656 307
656 388
656 394
657 21
657 157
657 274
657 331
658 318
658 446
658 463
659 2
659 22
659 371
659 536
660 180
660 240
660 379
660 507
660 555
660 571
661 368
661 436
661 539
661 585
662 195
662 228
663 302
664 48
664 168
664 247
664 497
664 545
665 68
665 69
665 221
665 313
665 328
665 535
666 286
666 431
666 454
666 515
667 135
667 522
667 528
667 659
668 153
668 180
668 200
668 268
668 416
668 455
668 575
669 298
669 340
669 391
670 48
670 91
670 288
670 302
670 413
670 624
671 283
671 536
671 586
672 118
672 175
672 410
672 502
672 515
672 668
673 89
673 272
673 370
673 490
673 517
674 76
674 127
674 350
675 9
675 60
675 144
675 156
675 340
675 375
675 397
675 434
675 462
675 575
676 60
676 97
676 200
676 381
676 442
677 199
677 455
677 676
678 379
678 579
678 650
679 69
679 591
679 668
679 669
680 247
680 462
680 472
682 53
682 202
682 278
682 364
682 536
682 548
683 20
683 145
683 321
683 511
683 520
683 636
684 69
684 194
684 455
684 639
685 199
685 297
685 355
685 499
685 666
686 160
686 299
686 521
686 536
686 592
686 652
686 682
687 69
687 249
687 295
688 92
688 253
688 327
688 634
689 336
689 512
689 557
689 588
689 631
690 51
690 383
690 505
691 108
691 385
691 581
692 180
692 190
692 261
692 474
693 151
693 157
693 259
693 640
694 10
694 140
694 304
694 510
695 346
695 502
696 197
696 216
696 302
696 342
697 183
697 254
697 294
697 373
698 283
698 671
699 366
699 637
699 697
700 65
700 73
700 153
700 198
700 402
700 403
700 593
701 274
701 304
701 355
701 597
702 168
702 179
702 181
702 246
702 490
702 504
702 556
703 63
703 140
703 441
703 444
703 486
703 561
703 596
704 23
704 86
704 131
704 276
704 517
704 528
705 56
705 135
705 250
706 253
706 294
707 298
707 667
708 105
708 170
708 295
708 439
708 482
708 558
708 634
709 615
709 623
709 667
710 245
710 561
711 179
711 527
711 608
711 630
712 142
712 307
712 423
712 678
713 176
713 399
713 552
714 214
714 324
714 339
714 369
714 426
714 650
714 696
715 101
715 105
715 227
715 244
715 444
716 219
716 530
717 41
717 241
717 645
718 26
718 75
718 141
718 189
718 360
718 418
718 578
719 345
719 460
719 648
720 565
721 196
721 442
721 649
721 689
722 90
722 395
722 655
724 268
724 286
724 441
724 460
725 528
726 517
726 663
726 708
726 718
727 197
727 414
727 421
727 658
728 226
728 270
728 402
728 479
729 30
729 59
729 92
729 323
729 421
729 510
729 592
729 713
730 120
730 161
730 354
731 167
731 183
731 222
731 244
731 323
731 333
731 492
731 673
732 516
732 582
733 63
733 145
733 597
735 7
735 116
735 265
735 272
735 419
735 487
735 510
735 522
735 633
736 104
736 172
736 201
736 255
736 325
736 351
736 723
737 45
737 129
737 706
738 126
738 367
738 475
738 523
738 555
738 582
738 629
738 701
738 728
739 57
739 90
739 291
740 522
740 535
740 573
740 666
740 700
741 593
741 601
742 106
742 309
742 571
742 672
743 78
743 115
743 238
743 509
743 708
743 715
743 742
744 274
744 399
744 522
744 666
745 46
745 216
745 340
745 368
745 718
746 196
746 396
746 399
746 561
746 629
747 22
747 29
747 265
747 390
747 572
748 296
748 406
749 60
749 176
749 211
749 485
749 601
750 156
750 253
750 327
750 341
750 419
750 735
751 22
751 79
751 377
751 484
751 523
751 534
751 651
752 98
752 230
752 469
752 609
753 22
753 587
753 674
754 16
754 279
754 294
754 453
754 494
754 566
754 616
755 202
755 413
755 665
755 721
756 0
756 154
756 486
756 521
756 600
757 147
757 188
757 393
757 537
757 596
757 597
758 336
758 699
759 24
759 337
759 458
760 39
760 302
761 185
761 216
761 309
761 479
761 645
761 717
761 728
761 744
762 352
762 411
762 484
762 570
762 630
762 654
762 747
763 193
763 428
763 469
763 597
763 604
763 647
763 699
764 142
764 435
764 480
764 627
765 32
765 105
765 108
765 155
765 240
765 248
765 322
765 579
766 458
766 557
766 594
766 677
767 78
767 577
767 679
767 682
767 743
768 251
768 640
768 646
768 703
768 723
769 14
769 180
769 207
769 212
769 416
769 497
769 516
769 552
769 730
770 124
770 200
770 730
770 751
771 172
771 295
771 639
771 650
771 652
772 1
772 341
772 352
772 394
772 519
772 758
773 135
773 485
773 515
773 621
773 627
773 685
774 25
774 430
774 630
775 28
775 182
775 300
775 367
775 546
775 601
776 301
776 387
776 516
776 549
777 24
777 310
777 424
777 442
777 477
777 765
778 155
778 274
778 276
778 353
779 37
779 51
779 82
779 318
779 710
780 150
780 222
780 344
780 755
781 27
781 79
781 221
781 704
781 717
781 751
782 226
782 626
783 130
783 165
783 744
783 772
784 344
784 501
784 568
784 638
784 738
785 31
785 33
785 137
785 279
785 298
785 388
785 679
785 776
786 27
786 284
786 418
786 425
786 616
786 696
786 762
787 232
787 238
787 263
787 273
787 297
787 307
787 336
787 647
787 675
788 5
788 315
788 329
788 336
788 453
788 748
789 193
789 769
790 124
790 270
790 492
790 578
790 592
790 670
790 776
791 146
791 252
791 351
791 602
792 53
792 257
792 516
792 676
793 193
793 238
793 364
793 408
793 495
793 502
793 751
794 94
794 114
794 145
794 368
794 384
794 757
795 187
795 338
795 541
795 548
795 773
796 148
796 169
796 585
796 598
796 637
796 753
797 129
797 177
797 741
798 283
798 327
798 364
798 374
798 718
798 724
798 727
798 783
799 224
799 295
799 415
799 506
800 61
800 123
800 202
800 395
800 511
800 575
800 739
801 2
801 96
801 371
802 92
802 162
802 218
802 256
804 100
804 126
804 273
804 763
805 122
805 292
805 429
805 765
806 49
806 188
806 570
806 591
806 622
806 623
807 52
807 86
807 183
807 327
807 419
807 761
808 261
808 331
808 385
808 524
808 541
809 378
809 381
809 515
810 23
810 89
810 218
810 690
811 40
811 669
812 14
812 130
812 399
812 460
813 20
813 115
813 211
813 288
813 306
813 607
813 703
813 745
814 0
814 25
814 121
814 209
815 93
815 288
815 307
815 351
815 804
815 814
816 396
816 483
816 706
817 179
817 217
817 273
817 284
817 682
818 637
819 259
819 689
820 6
820 150
820 572
820 577
821 104
821 150
821 677
822 354
822 368
822 570
822 812
823 258
823 341
824 304
824 754
824 779
824 784
825 474
825 590
825 821
826 450
826 484
826 756
827 12
827 139
827 173
827 287
827 806
828 641
828 656
829 156
829 198
829 415
829 419
829 742
829 773
830 153
830 198
830 224
830 284
830 441
830 541
830 632
831 120
831 265
831 499
831 604
831 678
832 160
832 266
832 455
832 473
832 530
832 621
832 778
832 820
833 13
833 88
833 569
833 812
834 390
834 395
834 468
834 577
834 658
834 830
835 37
835 286
835 310
835 369
835 387
835 752
836 216
836 229
836 366
836 681
837 497
837 498
837 559
837 690
837 805
838 253
838 426
839 55
839 274
839 343
839 403
839 658
840 375
840 482
840 558
840 637
840 644
841 45
841 78
841 255
841 311
841 524
842 386
843 189
843 277
843 319
843 350
843 407
843 446
843 506
843 544
843 644
843 831
844 243
844 342
844 358
844 618
844 634
844 652
845 8
845 64
845 288
845 472
845 494
845 696
846 19
846 581
846 602
846 615
846 805
847 165
847 531
847 639
848 262
848 385
848 404
848 669
849 90
849 251
849 290
849 562
849 641
849 658
849 675
850 18
850 102
850 133
850 252
850 354
850 541
850 613
850 756
850 838
851 138
851 288
851 298
851 558
851 641
851 790
852 740
852 764
853 53
853 234
853 263
853 633
854 47
854 257
854 408
854 627
855 98
855 221
855 453
855 611
855 645
855 748
855 804
856 77
856 110
856 187
856 270
856 316
856 682
856 837
857 189
857 201
857 585
857 762
858 501
858 529
858 626
858 778
858 852
859 105
859 184
859 202
859 583
859 779
860 147
860 181
860 234
860 426
860 497
860 637
860 695
861 50
861 57
861 131
861 357
861 414
861 526
861 787
862 312
862 331
862 365
862 460
862 575
862 595
863 64
863 96
863 284
863 335
863 571
863 634
863 774
864 22
864 374
864 618
864 725
864 823
864 844
864 863
865 709
866 151
866 154
866 249
866 254
866 273
866 445
866 576
866 613
867 76
867 226
867 454
867 466
867 622
868 31
868 130
868 420
868 586
868 690
868 701
868 836
869 116
869 357
869 461
869 548
869 723
870 736
870 816
871 190
871 207
871 277
871 392
871 649
871 845
872 202
872 243
872 406
872 415
872 535
872 639
872 695
872 776
872 842
873 131
873 351
873 727
873 777
874 180
874 366
874 437
874 611
874 725
875 81
875 107
875 252
875 300
875 421
875 806
875 829
875 873
876 109
876 415
876 461
876 731
876 789
876 848
877 32
877 51
877 136
877 225
877 306
878 44
878 155
878 499
878 503
878 758
879 564
879 725
880 18
880 343
880 592
880 664
881 65
881 105
881 139
881 328
881 532
881 541
881 709
881 712
881 873
881 879
882 275
882 531
883 61
883 107
883 145
883 243
883 269
883 329
883 528
883 581
883 649
883 693
883 788
883 859
884 259
884 303
884 411
884 611
884 710
884 738
884 783
885 29
885 123
885 160
885 185
885 261
885 338
885 842
886 23
886 37
886 168
886 302
887 38
887 117
887 124
887 477
887 503
888 635
889 22
889 199
889 219
889 359
889 438
889 535
889 613
889 760
890 204
890 223
890 234
890 578
890 637
890 719
890 849
891 271
891 363
891 584
891 684
891 796
891 824
892 114
892 204
892 215
892 461
892 509
892 664
892 709
892 861
892 866
893 0
893 234
893 488
893 495
893 537
893 616
893 673
893 734
893 862
894 77
894 637
894 850
894 864
895 54
895 142
895 675
896 440
896 622
897 622
897 634
897 682
898 2
898 120
898 356
898 445
899 334
899 505
899 557
899 574
899 828
900 127
900 356
900 474
900 642
900 712
900 715
901 152
901 307
901 387
901 403
901 423
901 559
901 573
901 605
901 744
901 826
902 5
902 8
902 69
902 117
902 314
902 423
902 464
902 531
902 860
903 111
903 628
903 841
903 900
904 20
904 119
904 377
904 409
905 63
905 103
905 141
905 508
905 596
906 888
907 41
907 323
907 458
907 685
907 890
908 98
908 251
908 253
908 436
908 604
909 7
909 86
909 95
909 98
909 159
909 235
909 599
909 641
909 662
909 674
909 810
910 25
910 97
910 129
910 165
910 188
910 224
910 607
911 229
912 101
912 125
912 183
912 896
913 213
913 317
913 388
913 478
913 659
914 196
914 199
914 529
914 532
914 625
914 887
915 39
915 117
915 126
915 166
915 415
915 489
915 549
915 566
915 712
915 760
915 819
915 891
916 1
916 40
916 180
916 446
916 523
916 654
916 684
916 693
916 746
917 92
917 270
917 285
917 549
917 646
917 695
917 880
918 576
918 741
918 804
919 451
920 134
920 545
920 667
920 687
920 711
920 836
920 909
921 472
921 510
921 555
921 764
921 877
921 894
922 484
922 623
922 662
922 681
922 805
922 840
922 919
923 144
923 376
923 663
924 296
924 587
924 636
924 760
924 895
925 1
925 245
925 428
926 142
926 406
927 2
927 38
927 96
927 108
927 258
927 614
928 454
928 702
928 837
928 858
929 255
929 567
929 589
930 67
930 116
930 157
930 324
930 599
930 709
930 783
931 43
931 71
931 224
931 390
931 470
931 613
931 659
932 31
932 41
932 147
932 397
932 474
932 501
932 660
932 683
932 875
932 895
933 81
933 252
933 338
933 369
933 524
933 643
933 652
933 749
934 35
934 171
934 269
934 325
934 435
934 517
934 542
935 22
935 90
935 237
935 462
935 659
935 695
935 713
935 726
935 860
936 94
936 134
936 421
936 588
936 712
936 876
937 149
937 219
937 281
937 334
937 342
937 369
937 425
937 552
937 676
937 803
937 854
937 908
937 933
937 935
938 246
938 612
938 825
939 326
939 404
939 900
940 12
940 413
940 773
940 887
940 895
941 18
941 136
941 193
941 273
941 488
941 808
942 48
942 228
942 672
943 126
943 453
943 903
944 120
944 163
944 253
944 709
945 20
945 24
945 311
945 400
945 459
945 592
945 612
945 622
945 648
946 662
946 796
947 134
947 182
947 220
947 337
947 447
947 608
947 626
947 866
948 132
948 236
948 730
949 432
949 614
949 635
949 794
949 844
950 53
950 64
950 315
950 384
950 553
950 622
951 1
951 73
951 163
951 212
951 393
951 413
951 556
951 612
951 773
952 19
952 79
952 123
952 151
952 230
952 236
952 246
953 270
953 470
953 600
953 669
953 847
954 178
954 767
954 772
954 864
955 286
955 691
955 890
955 948
956 89
956 135
956 280
956 462
956 580
956 627
956 689
956 781
956 849
957 31
957 397
957 537
957 954
958 694
958 735
958 909
958 914
958 953
959 7
959 60
959 87
959 110
959 186
959 449
959 467
959 578
959 674
960 59
960 215
960 614
960 913
961 79
961 89
961 143
961 256
961 422
961 793
961 861
962 135
962 522
962 847
963 185
963 377
963 683
963 780
964 424
964 799
965 63
965 409
965 585
965 768
965 856
965 951
966 177
966 335
966 347
966 465
966 493
966 696
966 910
967 688
967 906
967 927
968 345
968 750
969 213
969 461
969 729
970 344
970 399
970 865
971 44
971 55
971 275
971 281
971 306
971 400
971 439
971 587
971 856
971 860
971 947
972 226
972 369
972 421
972 658
972 770
973 17
973 234
973 337
973 444
973 674
973 690
973 798
974 257
974 626
974 772
975 121
975 472
975 478
975 509
975 573
975 601
975 638
976 238
976 368
976 447
976 485
976 948
977 834
977 853
977 944
978 587
978 641
978 964
979 273
979 279
979 332
979 368
979 425
979 476
979 510
979 728
979 750
979 920
980 110
980 533
980 542
980 704
980 797
981 42
981 776
982 144
982 178
982 727
982 737
982 848
982 897
983 60
983 137
983 621
983 773
984 98
984 295
984 331
984 371
984 497
984 579
984 629
984 745
985 131
985 750
985 827
985 981
986 45
986 561
986 589
986 861
987 3
987 540
987 583
988 345
988 599
988 710
988 852
989 15
989 140
989 150
989 183
989 619
989 936
989 945
990 91
990 273
990 328
990 351
990 822
990 846
990 985
991 397
991 400
991 414
991 547
991 715
991 958
992 129
992 155
992 379
992 565
992 653
992 697
992 850
992 870
993 122
993 291
993 348
993 724
993 935
993 952
994 64
994 156
994 221
994 226
995 150
995 298
995 911
996 83
996 158
996 249
996 449
996 988
997 11
997 107
997 132
997 231
997 319
997 369
997 482
997 518
997 689
997 756
997 788
997 886
997 932
998 36
998 148
998 179
998 183
998 441
998 601
998 697
999 204
999 267
999 326
999 558
999 709
999 846
999 916
999 928
